23
0503861480
23
0503861480
23
0503823977
23
0995478027
23
0982486940
23
0507601244
23
0677821549
23
0674429199
23
0965351505
23
0962937775
23
22
095
22
050
22
22
22
0661231782
22
050
22
22
22
22
0672146761
22
099
22
22
0955633968
22
0973292968
22
067
22
0661334436
22
067
22
063
22
0632366221
22
2441491
0672441491
22
067
22
0501458048
22
22
0674010622
22
0674062002
22
0635208565
22
06774030701
22
095
22
0952764762
22
22
0991377504
21
095
21
0950349002
21
0979403838
21
0666235315
21
063
21
050
21
0930581967
21
0665119690
21
0952746007
21
0997237160
21
0672744882
21
093
21
096
21
097
21
067
21
067
21
095
21
0503312859
21
0953452569
21
0985380288
21
0985380288
20
0503580468
21
20
0673362465
20
0667110729
20
0667110729
20
4192026
20
0633055024
20
0955207763
20
0955207763
20
0955207763
20
0935855902
20
0504698582
20
0955539988
20
0672397874
20
0504641449
20
0506915616
20
0953452569
20
0508223301
20
095
20
0672337989
20
097
20
0504696042
20
096
20
096
20
05000542400
19
0971567573
19
098
19
067
19
19
0679204308
19
19
067
19
0980322223
18
097
18
5821943
0505821943
18
0954214805
18
050
18
0679912111
18
0675304212
18
063
17
0952874719
17
0954083762
17
0634892979
17
0684556396
17
050
17
097
17
0984916923
17
0673270249
17
0501848061
17
0992907954
17
0930548574
17
067
17
0634269687
17
0675095567
17
0976711295
16
0506656840
16
0505891979
16
0667442336
16
099
16
067
16
067
16
067
16
067
16
067
16
0672336675
16
0507672757
16
050
1
16
0503750639
16
067
16
0500792665
16
16
80992438621
15
15
0966152691
15
0684556396
15
0955207763
15
0679910236
15
0955207763
15
0667062011
15
0504901839
15
15
068
15
0963853305
15
0977559755
15
098
15
0967456960
15
066
15
0675389498
15
0977517191
15
0971567573
15
093
15
0953024583
15
095
15
050
15
067
15
0939812333
15
096
15
0969713525
15
0500642400
15
0503104060
15
0954288945
15
0991359441
14
14
0678809300
14
050
14
050
14
0672544122
14
14
0672950903
14
380506503479
14
380506503479
14
380506503479
14
0953024583
14
067
14
0507220051
14
0508045339
14
0504721606
14
0932982537
14
0662656591
14
0955798875
14
14
0978470459
14
0953531924
14
067
14
0503575888
14
0955770131
14
0504580943
14
0951331766
14
063
14
0504721606
13
0955207763
13
13
067
13
0676863706
13
0666972169
13
0503825649
13
097
13
0681084201
13
0979623742
13
0672204007
13
0952174099
13
0504560555
13
13
0507140030
13
0661780107
13
067
13
0500525363
13
0980060810
12
0508474252
12
0677396892
12
095
12
0676202622
12
096
12
0668042481
12
0999563402
12
067
12
0665305187
12
063
11
11
0676335612
11
0995557210
11
0635232746
11
0979907501
0979907501
11
0913267777
11
0957909792
10
0976818142
10
0677255114
10
380999156667
10
09
09
0970308547
09
380999156667
09
0968480206
09
0674482549
09
0505595909
09
050
08
0676250303
08
067
08
0502847948
08
0975276778
08
0674000447
08
095
08
093
08
050
08
0983104618
08
0667645056
08
067
08
08
0679166911
08
0968762357
08
0679261976
07
0979890257
07
095
07
050
07
050
99023
07
0679910
1085663
07
066
07
0674047241
07
067
07
0678587349
07
0978817342
07
063
07
07
0987951433
06
0503530031
06
0950432799
06
0964384151
06
0964349932
06
050
06
06
0975571869
06
0979027544
06
0667468191
06
0677634895
06
0676250303
06
06
0990086098
05
0505881386
05
0505010473
04
066
04
0936336221
04
067
04
0955220734
04
0936336221
03
380632821756
03
03
0505951006
03
067
03
067
03
90673444153
03
0503342701
03
03
0662811691
03
0679210254
02
0935138199
02
0935138199
02
0509526291
02
063
01
0504311330
01
0504626256
01
0972105255
01
0505436713
30
067
30
03124
30
067
30
30
0989506662
30
0674632727
30
380662634496
30
0501960366
30
067
30
0977207755
30
0969415141
30
0662656591
30
0994851158
30
0502282809
29
067
29
29
098
29
0936267272
29
380677356935
29
0954224853
29
099
29
098
29
0675481175
29
067
29
067
29
0987801823
29
093
29
0936987732
29
7
0988760329
29
7
0988760329
29
097
29
0508180266
29
380505351482
29
0939060777
29
0637831033
29
0679316445
29
097
29
0509428004
29
0509697949
29
0666594582
29
097
29
380632103062
29
0503304604
29
0674544401
28
0503622955
28
0952344044
28
0976982481
28
097
28
068
28
0663392128
28
0977580314
28
0675079135
28
0636529103
27
79199355247
27
0976738668
27
0677744922
27
0672544777
26
0663778538
26
097
26
097
26
097
26
097
26
067
26
0662222916
26
0501830503
26
0679155105
26
050
26
0964302262
26
066
26
26
098
25
0973403803
25
0668352096
25
0675361466
25
0672957774
25
0661449930
25
097
25
0677070763
25
25
0672504049
25
0962897020
25
0632994425
25
0974833322
25
067
25
0677711103
25
067
25
0503107893
25
0503107893
25
0505066260
25
0992250811
24
0669316901
24
0503047890
24
0661231782
24
0671335551
24
0687377726
24
24
050
24
0663719948
24
097
24
050
24
098
24
331
24
0633366472
24
0679747165
24
24
0913390150
23
0963773038
23
0679839595
23
050
23
0503582313
23
0673205555
23
0960940070
23
0674654674
23
0661444936
23
096
23
067
23
0939156251
23
0677400256
23
097
23
23
02140
23
0984592676
22
0974356998
22
0978434488
22
0672738850
22
0953678175
22
22
0679854560
22
0675956511
22
050
22
22
0953415281
22
0952832595
22
0672193977
22
0509484540
21
0661709716
21
096
21
0997332892
21
7
0988760329
21
0964272658
21
0962455503
21
0673095720
20
0507543999
20
0664512301
20
0674205561
20
093
20
0954943949
20
0672345782
20
0509484540
20
0509280062
19
067
19
0507140030
19
0503557567
19
0503557567
19
0637006464
19
0503557567
19
0504144757
19
0975078600
19
050
19
0976711295
19
0979970810
19
0503212799
19
067
18
0500739360
18
2008
0509249909
18
0509655048
18
0960944421
18
0952950589
18
0952950589
18
0508885473
18
18
0985987744
18
0977866590
18
0983231523
18
0954721698
18
063
18
0962966254
18
0509806183
18
063
18
068
18
067
18
067
18
0503848684
18
097
18
098
18
050
17
17
067
17
0504122491
17
0668114037
17
0679074153
17
0662659242
17
0673461804
17
0668114037
17
0505479487
17
0975177818
17
0963005089
17
066
17
097
17
097
17
067
17
0936497210
17
0669493876
17
0988623421
17
0506837243
16
0509963004
16
0509963004
16
0505004888
16
0677942303
16
16
050
16
380950435762
16
0501081645
16
050
16
0667714252
16
0975654244
16
093
16
0662607884
16
16
0507553418
16
0507553418
16
0977969000
16
0681281782
16
380674670998
16
050
16
0664209620
16
0671609067
15
0504371050
15
15
066
15
15
0684926316
15
15
095
15
15
0503119003
15
0672772360
15
050
15
050
15
067
15
067
15
0506871610
15
097
15
066
15
066
15
0978556653
15
0677707379
15
067
15
066
15
0979317112
14
0675771545
14
0503348404
14
0631718171
14
0964192377
14
0503209988
14
050
14
050
14
050
14
0632261127
14
0934654821
14
0930436950
14
13
0677429241
13
0669398280
13
0952742120
13
13
097
13
0636275229
13
13
0677761576
12
12
12
0678007109
12
066
12
0666074779
12
0509001771
12
0506875698
12
0506875698
12
050
12
0503557567
12
097
12
0673665467
12
0673212014
12
0674425594
12
068
12
0971584118
12
0673895824
12
0964450070
12
0674440112
12
0936850762
12
0973489467
11
11
0677559177
11
066
11
0982257227
11
11101986
0964448779
11
0959399882
11
0979557148
11
0934826265
11
050
11
067
11
0977053983
11
0504436428
11
050
11
0509417364
11
11
095
11
11
0959110195
11
0964191650
11
11
0968096018
10
0509046657
10
0508020533
10
0674045485
1
10
0672965413
10
067
10
050
10
10
2762974
0677379261
10
0983579076
10
0955550100
10
067
10
0504638262
10
0980843196
10
0672485072
10
0979379551
10
0955904647
10
067
10
067
10
0969808966
09
9261368090
09
0674894349
09
09
067
09
0967903136
09
0930100650
09
0674631261
09
0671088342
09
0635709359
09
0962758460
09
0962758460
09
0962758460
09
097
09
0934966341
09
0503568995
09
0979062284
09
067
09
0990636261
09
0503305623
09
0675532846
09
0978066970
09
067
09
0662361024
09
0675809580
08
0662426168
08
0965070310
542
08
0934263314
08
0969593536
08
0506803195
08
0672895141
08
050
08
0677887535
08
08
0509597325
08
095
08
098
08
050
08
098
08
0939262259
08
0663371475
08
0979974077
07
0663698634
07
0504974840
07
0994502824
07
0675532846
07
72951
099
07
050
07
07
050
07
380677281249
07
0666815413
07
0977509062
07
09652422
07
0673042064
06
0931893519
06
0502222039
06
050
06
0502544823
06
0503945715
06
0676842578
06
0503558664
05
0502004668
05
0934550881
05
0504718472
05
0663624864
05
0508224757
05
0934654821
05
0672206054
05
097
05
0680474781
04
050
05
096
05
095
05
0671130204
05
0677429241
05
04
04
0957938043
04
04
380969787355
04
050
04
067
04
098
04
0507883053
04
0972605507
04
0633223501
04
04
04
0636022395
04
050
04
0679943233
03
0506740222
03
0995677920
03
068
03
067
03
067
03
097
03
050
03
0938951090
03
096
03
0508366270
03
0503517898
03
050
03
0672790134
03
0666188147
03
0679358131
03
0979740439
03
0509523329
03
0939832847
03
0674402150
03
380984540284
03
063
02
380966424967
02
02
095
02
0677736839
02
02
544
02
066
02
067
02
097
02
067
02
099
02
02
0951390103
02
0508224757
02
0673075282
02
0503479742
01
0954031963
01
0939457552
01
01
0503347279
01
0976078080
01
380688077669
01
0951390103
01
066
01
050
01
0679567226
01
01
0676932957
01
0669747616
01
0971799995
01
0666856015
01
0961668846
01
097
01
0509410903
01
0937311826
01
050
01
0688113441
01
0970280837
01
0971891093
01
050
1
01
0984540634
01
0636272748
01
0683400245
01
097
7
01
31
0662425095
31
050
31
066
31
0972674908
31
0976240284
31
0679232686
31
0663833141
31
0509722495
30
0503838707
30
066
30
067
30
0663975795
30
0951318279
30
099
30
0677770220
30
0633645608
29
050
29
0667062011
29
0961952406
29
0973681882
29
097
29
380503686145
29
0976783064
29
80666092169
29
0672544777
29
29
29
29
050
29
0673997558
29
380934879047
29
380934879047
29
29
0677429241
29
097
29
0674011660
29
0990182425
29
0669542181
29
0666884870
28
8093
28
0675613151
28
0675613151
28
050
28
097
28
0503836932
28
0503836932
28
0503836932
28
093
28
0661449930
28
0674405890
28
0631048470
28
0667147077
28
0667360696
28
8067
28
28
050
28
380501608665
28
095
28
067
28
097
28
0677250776
28
0506959306
28
0681203331
28
067
27
0975802509
27
0980685882
27
0980685882
27
37270
27
0677559445
27
0674626660
27
0673215278
27
0981214912
27
27
0503359915
27
0672882433
27
0961404352
27
067
27
0677250776
27
067
27
097
27
0679961219
27
0955840337
27
050
27
0667431277
27
067
27
0934412046
27
0508387083
27
0502088463
27
096
27
050
26
050
26
0983002367
26
0983002367
26
095
26
06753999
0938618297
26
0955539988
26
0977057816
26
0992970112
26
0932188076
26
067
26
050
26
050
26
26
26
26
066
26
0958777434
26
0989928438
26
067
26
096
26
0972123879
26
0937348747
26
0666980022
26
098
25
0979309814
25
0502027069
25
067
25
0993475792
25
25
068
25
067
25
0975083330
25
0660501724
25
25
050
25
050
25
0951095228
25
0975053685
24
24
0663240986
24
0971662212
24
0964352935
24
0962540590
24
54
24
0676280860
24
0676280860
24
0676280860
24
24
0678017758
24
0502321004
24
098
23
0673151214
23
0509274191
23
067
23
0997125033
23
0637996622
23
050
23
050
23
067
23
22
22
0675006361
22
380503842577
22
380975060440
22
0931136950
22
0677224404
22
0676983555
22
050
22
0672793336
22
050352653
22
0504224941
22
098
22
067
22
0679809380
21
0679809380
21
0999357872
21
0503557567
21
0683522043
21
0973455615
21
050
21
093
21
0679203332
21
0990624036
21
0673064264
21
067
21
0508128610
21
097
21
050
21
050
21
0957807465
21
0674098726
21
0973239636
21
063334227
21
0502222039
21
063334227
20
0506259660
20
20
380662129550
20
0938358865
20
0994502824
20
56532576
6421267853
19
20
095
20
0970478480
20
067
20
0679309067
20
095
20
20
20
0974680106
20
0995548328
20
06773225652
20
050
20
0503532499
20
0503532499
20
0984353544
19
0953526775
19
1
063
19
067
19
067
19
067
19
0955533007
19
0509216947
19
0679332755
19
19
0674407052
19
0958729956
19
0662050993
19
0675432072
19
0975716168
19
0975716168
19
067
19
067
19
0985987744
19
0504654258
19
0674389199
19
0503584096
1
19
0964706515
18
067
18
0979569268
18
0501331262
18
0501848061
18
099
18
067
18
093
18
0988121795
18
380500461697
18
380500461697
18
0677429241
18
067
18
0674250460
18
0664351313
17
18
0505603155
18
052471600
18
063
18
0958050058
18
0674434341
18
0674434341
18
17
0973093492
17
0992701997
17
0992701997
17
0966556699
17
0673369502
17
050
17
0936879667
17
0633729215
16
16
0935751088
16
0971014552
16
0504513235
16
067
16
0963836894
15
15
067
15
0679844234
15
0674957279
15
0505675434
15
380932724929
15
0681084201
15
0635956412
15
0973016895
15
0973016895
15
0
15
0503102824
15
067
15
067
15
067
15
0677329370
15
0660955184
15
0677648329
15
0673217394
15
0673217394
14
14
0953485946
14
56532576
6421267853
19
14
380975060440
14
0672146927
14
097
14
0504477155
14
068
14
067
14
067
14
0505656737
14
063
14
14
0969149121
14
0994869705
14
0506418161
14
093
14
0979084352
14
14
0913704096
14
098
14
098
14
067
14
0503332377
14
0953003397
14
0686964593
13
096
13
050
13
0963361644
13
0502565266
13
0962027548
13
0975677861
13
13
0677532170
13
0930807686
13
066
13
0932713881
13
0954756464
13
0503823533
13
0992683952
13
099
13
0962702785
13
067
13
0979207963
13
0679942805
13
050
13
0675049077
13
095
12
380976246542
12
0978224571
12
0672309780
12
0671391582
12
0674707496
12
77
0638776604
12
0636577767
12
0967365137
12
097
12
0504935919
12
0675382525
12
0965453745
12
067
12
0672394939
12
050
12
097
12
0669168787
12
0992174746
12
097
11
0504102016
11
0677918188
11
0994502824
11
0975173672
11
050
11
0504436042
11
0631341893
11
050
11
050
11
0953355599
11
0504116434
11
0504116434
11
095
11
095
11
0503561868
11
0509440622
11
0979668356
11
0501922356
11
0503857633
11
066
10
0976323459
10
380970352527
10
067
10
0675117171
10
097
10
10
09
0677752732
09
0660076866
09
0636057616
09
0936809060
09
0982685305
08
066
08
0501092975
08
0994275137
08
0964349661
08
0994275137
08
0936917712
08
0501581381
08
380
08
0988651044
08
0671391582
08
0632104671
08
08
0677267166
07
0999070333
07
380997512239
07
0501922356
07
093
07
0660257838
07
0938765162
07
380676484883
07
0968494444
07
0993142574
07
0675370249
07
0950872620
07
0990760980
07
097
07
07
0970670005
07
0509501804
07
0952703674
06
0679197875
06
0993142574
06
06
380674209822
06
0989219669
06
0506103800
06
0677061860
06
0673388812
06
0961581445
06
0964633855
06
067
06
0503123594
06
0982520748
06
097
06
096
06
0508866470
06
067
06
0505179194
06
067
06
0503870330
06
0964803656
06
0503555804
06
063
06
0683226604
06
050
06
097
06
0962808038
06
0971606040
06
098
06
050
06
093
05
0679941499
05
05
0504432560
05
067
05
0637087795
05
0683994165
05
0501447537
05
097
05
0632408358
05
0983939188
05
0672894027
05
0636148265
05
0504467947
05
0672555507
05
888
0674023340
05
050
05
0662829647
05
0505597213
05
067
05
096
05
066
05
093
05
0679370160
05
380966424967
05
05
05
0669542181
05
050
05
0504195355
05
067
05
050
05
0991481737
05
0677429976
05
380677749173
05
0662086158
05
05
067
05
050
05
0679809380
05
0672427549
05
0971169772
04
0675024853
04
0673778169
04
0955156433
04
0674852626
04
0671217163
50
04
0984260606
04
0683994165
04
0989879445
04
0957384803
93012
04
095
04
050
04
095
04
0501016447
37300
04
050
04
067
04
050
04
04
050
04
050
04
0676433300
04
0952872958
04
04
0502590062
04
050
04
0936355363
04
067
04
0679934422
04
095
04
066
04
050
04
050
04
0637277948
04
063
04
0668911471
04
04
066
04
0939148121
04
050
04
0968670513
04
0679442037
04
050
04
0631248982
04
0674032046
04
067
04
0671489602
04
0671489602
03
050
03
0975007817
03
0970618168
03
03
0668319772
03
0637573981
03
0679091230
03
0503821956
03
03
098
03
098
03
0954029799
03
0987525863
03
0936305661
03
0678469676
03
0982685305
03
0979457631
03
5021
03
0509417839
03
0969325372
03
380667775566
03
0931183135
02
0672391255
02
0509484505
02
02
02
0508042152
02
02
02
0501525455
02
0501525455
02
0964370537
02
0508042152
02
0966551121
02
0950000010
02
0967295758
01
0677003386
01
0684772767
01
0975173672
01
3213069
068
01
0979229522
01
0501895626
01
050
01
0966736722
01
0979338803
01
01
096
01
0667913353
01
067
01
063
01
0507423384
01
0677287566
01
096
01
097
01
0668319150
01
28
0503103332
28
0677600085
28
0677600085
28
050
28
28
095
28
0503243057
28
0962157522
28
28
0958777434
28
0675687966
28
098
28
28
0955919986
28
0674169460
28
0503301587
28
0964984199
01
28
0508225146
28
050
28
067
28
0979947472
28
067
28
0673211511
28
098
28
0675313611
28
0675313611
27
0994650943
27
0682178888
27
27
0503582313
27
0506241277
27
095
27
0683217447
27
0955264096
27
063
27
0672204593
27
0673324841
27
0667488889
27
0969321715
27
27
0969321715
27
0679232686
27
0503580124
27
09636547043
27
093
27
063
27
050
26
0639991107
26
0667488889
26
0685410740
26
0953116152
26
097
26
097
26
097
26
063
26
0663885598
26
067
26
26
0934550881
26
095
26
0501675365
26
067
26
099
26
0969321715
26
0505151910
26
096
26
0503829171
26
0667788202
26
0502602267
26
097
26
0663392128
26
0955955636
26
050
26
0974683168
26
050
26
0679499221
26
26
0975538357
26
26
0677349655
26
097
26
0504406237
26
0503576507
26
0674008170
26
0997572889
25
380984229959
25
0502500631
25
0976884710
25
0665029575
25
0934786108
25
380939417177
25
050
25
380502291060
25
25
0635819118
25
097
25
067
25
050
25
25
25
0978189851
25
098
25
099
25
503100073
25
050
25
063
25
0504499508
25
0676723965
25
097
25
097
25
096
24
0931332685
24
050
24
0509530003
24
0504811141
24
097
24
0505489723
24
0978189851
24
0505522300
24
067
24
380964385384
23
23
380956801407
23
0505679681
23
067
23
380671113034
23
23
050
23
0667416169
23
097
23
311080
067
23
311080
067
23
050
23
0961606309
23
0672318371
23
0677122430
23
0503532709
22
22
0632961743
22
0679772428
22
0505500036
20
067
20
0500520551
20
0500520551
20
066
20
0672656085
20
067
20
0974585966
20
0660730750
20
0661337720
20
0979170702
20
0966955434
20
0676831729
20
0979637671
20
050
20
20
0672447550
20
0679642869
20
067
20
0677701886
20
096
20
0504429135
20
050
20
0677224404
20
066
20
097
20
097
19
0972742991
19
0668562519
19
0501860028
19
0501399282
19
0966217310
19
066
19
0960339631
19
19
050
19
050
19
063
19
0672267734
19
0672267734
19
19
19
0503126655
19
093
19
0504103355
19
0634250077
19
0958518597
19
0504432560
19
066
19
095
19
0675043233
19
096
18
0992277338
18
0504588505
18
0632718380
18
050
18
18
0503557567
18
0508224757
18
050
18
380665954445
18
0664105075
18
0676936332
18
0636577767
0636577767
18
067
18
0679950732
18
380662305036
18
095
18
066
18
18
097
18
0502720078
18
067
18
0962477218
18
380678107373
18
0661614675
18
0675077076
17
095
17
093
17
0633900287
17
17
066
17
17
096
17
380637573060
17
067
17
380972307781
16
0975060440
16
063
16
0667450299
16
096
16
0665344840
16
0958330698
16
067
51909
16
0506340861
16
0997253425
15
4
0971642361
15
0956945986
15
0956945986
15
0953923113
15
067
15
0660553021
50
15
050
15
0679172211
15
0503836932
15
0973054389
15
0975082267
15
050
15
0973529765
15
067
15
0675361468
15
0502592476
15
0954200453
15
0502558048
15
0500373413
15
0443329890
14
0958518597
14
0675532846
14
093
14
093
14
0660553021
50
14
0667598086
14
0504426911
14
093
14
067
14
0975161171
14
066
14
096
14
14
0935746857
14
0672359095
14
0936749349
14
0674401040
14
093
14
097
14
067
14
050
14
0976511428
14
0674403531
14
0973333482
14
067
14
067
13
0673151214
13
0504452893
13
0501925398
13
066
13
066
13
0981138450
13
13
13
067
13
067
13
13
0672507281
13
0937742427
13
0503599221
13
0935081968
13
0501679868
13
0953036898
13
0665369921
40019
13
0953329720
13
0674004026
13
0502956147
13
097
13
0679820399
13
066
13
0979176796
13
0677224404
13
093
13
0505975044
13
067
13
0504186726
12
0679651651
12
0507276502
12
0987801823
12
12
0991930006
12
0675078992
12
0637277948
12
050
12
067
12
0503561868
12
067
12
0504447714
12
12
097
12
097
12
0688109800
12
093
12
0674303024
12
0677951441
12
050
12
0666915009
12
0672147930
12
0509004738
12
0503716808
12
0674095805
12
095
12
0668714425
12
0988625464
12
0509467840
12
050
12
0675042502
11
0503522031
11
0504571769
11
0675046366
11
0663045178
11
11
0632440229
11
097
11
0677009808
11
11
0956131539
11
0958989688
11
066
11
067
11
0503248479
11
0977279648
11
0679173677
11
0675389208
11
0977070757
11
0963361479
34500
11
0664696101
11
0638779998
11
0504429900
11
050
11
0958821628
11
0677736839
10
067
10
0675078992
10
0953710186
10
093
10
10
10
0504121268
10
067
10
0503833056
09
380676584693
09
0979543969
09
0679689823
09
380505903051
09
0991201672
09
0973014881
09
0678511341
09
0506625398
09
0500727233
09
0674527311
09
067
09
0501891935
09
0502360438
08
0634206645
08
0962477218
08
068
08
0509252520
08
0509252520
08
0675743313
08
0509035294
08
097
08
0503689899
08
0987839028
08
0663104274
08
066
08
067
08
0936401437
08
0661231782
08
097
08
0671119259
08
0675076380
08
0683995005
08
067
08
0676606095
08
08
0503348230
08
0964800205
07
0977249292
07
07
0958726407
07
380975350646
07
0509004738
07
0665029575
07
2
0673280049
07
050
07
067501
07
0976507802
07
0679189059
07
0683682770
07
097
07
0966831819
07
0638547497
07
0661763937
07
07
0504497632
07
0675073340
07
0504481363
07
0674932616
06
067
06
0675668013
06
0675668013
06
093
06
0978338313
06
0937755992
06
0674671889
06
097
06
0671251232
06
06
098
06
096
06
067
06
067
06
066
2
06
0637803506
06
0939659696
06
0963665255
06
067
06
0963665255
06
0673174771
06
0632297300
05
0671629742
05
0674108515
05
380630076975
05
0506848262
05
05
0672232276
1
05
067
05
0666339793
05
05
0501331262
05
0501331262
05
0501331262
05
050
05
067
05
0954288945
05
06
05
77034
05
095
05
0632690492
54003
04
0673467777
04
066
04
380999367752
04
380999367752
04
0662743811
04
0662743811
04
0505643613
04
097
04
067
04
0989649734
04
097
04
0677429241
04
380676016662
04
067
04
04
050
1
04
0685950759
04
050
04
04
097
04
0974168137
04
0964775952
04
098
04
067
04
0661289747
04
89138051920
04
89138051920
04
0506579218
04
0505687715
04
0685950575
04
0672308075
04
380952301626
04
093
04
0966831819
04
0980715310
04
098
03
0979448632
03
066
03
380506282921
86420
03
0975069007
03
0504692363
03
050
03
0953710186
03
0504692363
03
050
03
0666780307
03
067
03
0668352096
03
0675516190
03
03
066
4
03
0973014881
02
0504108951
02
0957746341
02
0977954055
02
0502302592
02
0973541709
02
0674910007
02
380984973200
02
067
01
0504982717
01
0982019414
01
0504169547
01
0504169547
01
098
01
093
01
0661693241
01
0966255155
01
097
01
0980715310
01
01
0636577767
01
01
050
01
0678469676
01
0503126655
01
0954729173
01
068
01
01
067
01
0677255318
01
066
01
067
01
0504451037
01
380672141455
01
380672141455
01
0675486338
31
72
31
0678897196
31
0954729173
31
0635953713
31
0667233040
31
0501462242
31
0972774977
31
066
31
0667959033
31
380503524658
31
0990685540
31
0666145452
31
050
31
0978463305
31
0978463305
31
06793755555
31
380937189618
31
067
31
0673457903
31
31
0952802544
31
0939097574
31
063
31
0985440602
31
0506148690
30
30
068
30
0504517545
30
0961851853
30
0977052387
30
0932072097
30
050
30
0669775349
30
0504169547
30
0675486338
30
09820828889
30
067
30
099
30
066
30
067
30
0971370000
30
0937026887
30
050
30
30
30
0662251611
30
9
30
380504460556
30
0674445357
30
0667420877
30
0506208177
30
0506208177
30
0678881942
30
0506208177
30
725260
050
30
0963776035
30
0984318162
30
0973341324
30
0504431053
29
0506208177
29
0506625398
29
0506625398
29
0637400847
29
0504321302
29
380951145331
29
0988107289
29
29
050
29
0665514235
29
066
29
0632104664
29
0990095840
29
050
29
0952704175
29
066
29
067
29
097
29
0977070757
29
29
0504376050
29
067
29
0677224404
29
380671223131
28
0504414136
28
28
0671410126
28
28
0961312845
28
0996423228
28
28
0504709596
28
80964433033
28
067
28
0964352935
28
0971171480
28
0509648537
28
0971445946
28
0673340707
28
0679975905
28
0676520105
28
0990803530
28
0676173729
28
050
28
0676173729
28
0677735660
28
0505606446
28
0997027374
28
80964433033
28
80964433033
28
0674321293
28
0679057410
28
28
0672666960
28
0508357801
28
0985987744
28
380671113034
28
0687047335
28
0990659057
27
050
27
0667519567
23
27
050
27
0673026959
27
80964433033
27
067
27
27
093
27
067
27
0957379876
27
0938601706
27
0675010822
27
0964520015
27
380503708248
01135
27
0660397000
27
0509648537
27
380671113034
26
066
26
0503561580
26
0975132501
26
0633121433
26
0938306428
26
0673800595
26
050
26
380953147969
26
26
0664121006
26
063
26
0990803530
26
80975023523
26
0972728503
26
666
0932970317
26
0974005843
25
0677126571
25
067
25
0676732411
25
093
25
0674512864
25
0977907895
25
25
0962802315
25
0506983119
25
0982287006
25
0633013491
25
0982287006
25
0985984869
25
097
25
0999075556
25
0954741420
25
063
25
25
0507615966
25
097
25
0930782706
25
0668399235
25
25
0636640185
24
0677777299
24
24
0508224757
24
097
24
0661449930
24
067
24
0977559755
24
067
24
0503510545
24
050
9
24
093
24
097
24
0964156454
24
24
050
24
095
24
097
24
0679943233
23
0980065790
23
0971046677
23
096
23
096
23
097
23
0678583353
23
067
23
0963342870
23
23
0963342870
23
0634180236
23
0634072188
23
097
23
0679319333
23
093
23
23
0502027069
23
22
22
0677224404
22
0673608768
22
0507028133
22
0676583882
22
0972590400
22
050
22
0675004020
22
0675004020
22
0502944687
22
380990655573
22
0956997599
22
0503326237
22
0989598969
22
0994723319
22
067
22
0503126655
22
0991165144
22
050
22
067
22
050
21
063
21
0637906216
21
21
0934539217
21
0679365018
21
21
0674668521
21
0503117842
21
095
21
0663333696
21
095
21
096
21
050
21
0669049500
21
21
7430673
0971145536
21
0952817905
21
050
21
0504019925
20
0977207755
20
20
0954133093
20
20
0938325634
20
20
066
20
0688082167
20
096
20
0674023247
19
19
19
0966908985
19
0503534084
19
0935671471
19
05041490000
19
26622
19
066
19
093
18
0506515769
18
099
18
050
18
050
18
0958838918
18
067
18
050
18
0992623714
18
066
18
0632860831
18
0679514456
18
0672544777
18
0966496648
18
0679514456
18
0952265729
18
063
18
0506115171
18
0684926316
18
050
18
0663238051
18
0674029803
18
0503157451
17
0952256463
17
0679240027
17
0931542892
17
066
17
096290000
17
097
17
093
17
0958820300
17
0634606362
17
066
17
0673255040
17
0971445946
17
0502106466
17
067
17
067
17
067
17
0980084591
17
0504498707
17
0503326525
17
0503326525
17
0503582177
17
0503805007
17
066
17
0632981585
16
067
16
0631272887
16
0935199250
16
0508890112
16
0663390431
16
067
16
0
16
050
16
0501529800
16
0979229522
16
095
16
16
0672577662
16
0679943233
16
0679943233
16
0672717175
16
0663809775
16
0673322715
16
095
16
0956122210
16
067
16
0963857696
16
15
0979244960
15
4
0996847703
15
384
15
28
0931176106
15
0675365757
15
0501634234
15
050
15
067
15
0634195905
15
0994875916
15
0958324895
15
0504611664
15
0982350820
15
0677732540
15
067
15
0962900462
15
0979681475
15
0672204252
15
0505278749
15
247
15
0503849707
15
0672336426
15
050
15
0985531343
15
15
0664089614
14
050
14
0951857909
14
14
0992701997
14
0973748304
14
050
14
14
093
14
0964349661
14
0966335757
14
0953300733
14
0505509938
14
067
14
066
14
098
14
0502224454
14
0963547043
14
068
14
0672909010
14
097
14
0667468191
14
0672909010
13
066
13
0953365659
13
0687084009
13
0977907895
13
067
13
098398942
13
0632811820
13
097
13
0672524413
13
0991481737
13
0505413040
13
0935299185
12
12
050
12
0964428183
12
0679880166
12
0964674588
12
0637766919
12
0992701997
12
80503914478
12
0950738777
12
0677996619
12
0681084201
12
067
11
0673772644
11
0679174904
11
098
11
0676980355
11
0975922100
11
097
11
11
0503102663
11
0951636701
11
0637081785
11
098
11
380977029393
11
067
11
0504680142
11
097
11
0504429449
10
0687060909
10
0679240027
10
0509079225
10
0503102663
10
05003471640
10
0503761546
10
0506858555
10
050
10
050
10
0673226107
10
097
10
093
10
0673703526
10
10
0973958712
10
10
098
10
0979542149
10
0931332685
10
097
10
380933142014
10
0677730898
10
0509119549
10
0679050402
10
095
10
067
10
0674456517
10
0967214444
10
0976857623
10
09
0966424557
09
0677224404
09
0931142066
09
0502293621
09
0976857623
09
0982480742
09
0994088751
09
0662176717
09
067
09
09
0679232686
09
0937318290
09
09
097
09
09
0979083466
09
0990304858
09
0674878650
09
050
09
0503519445
09
0977585399
09
098
09
0987116933
09
067
09
0671632065
08
0667567442
08
0963973800
08
0633675922
08
0664213318
08
067
08
0982227726
08
095
08
093
08
067
08
097
08
0688620855
08
08
0966460535
08
0969844277
08
0950859800
08
095
08
0632376577
08
096
08
0675208008
08
0974767014
07
0501331262
07
0963696870
07
0683547023
3
07
0978085132
07
0508182226
07
0958473047
07
0673621487
07
0506690719
07
0978085132
06
06
0679725888
06
0679725888
06
0673958600
06
0504445583
06
06
06
06
0679631828
06
0504517022
05
0999111446
05
0675202812
05
0502700343
05
050
05
0950726127
05
0634077307
05
0677996619
05
0991387116
04
04
067
04
0937664321
04
04
0506372248
04
0977112322
04
068
04
0502293621
04
097
04
068
04
0502293621
04
0688109800
04
067
04
0969753794
04
098
04
380634281529
04
380635612684
04
067
04
380503686145
04
0673174771
04
0501331262
04
0501331262
04
0635854680
04
067
04
04
380979481883
04
0506416935
03
0677196821
03
0937766862
03
0635915940
03
097
03
0976778443
03
0974198723
03
050
03
0671368004
03
0673229270
03
097
03
093
03
0677196821
03
380956379338
03
380956379338
03
05
03
050
03
0972439152
03
097
03
0672393537
03
03
03
0674415141
03
0672088639
03
0934779650
03
067
03
0504626219
03
0674600093
03
0962900462
03
095
03
02
0676132395
02
0671013256
02
0930854168
02
0979668356
02
54
0661484672
02
54
0661484672
02
067
02
02
0958089175
02
0956854433
02
050
02
02
050
02
0936811333
02
0675086971
02
02
0994286035
02
02
050
02
02
050
02
0636552528
02
050
02
02
02
0672323908
02
0674600093
02
050
02
093
02
0977869624
02
0506107413
01
0952028372
01
0958473047
01
0677339606
01
0663687605
01
0982733460
01
0954624025
01
0679907177
01
0979543969
01
01
01
0956418088
01
0675668543
01
0679907177
01
0964349661
01
380976775436
01
0508152882
31
0663104274
31
0663392128
31
0672088639
31
0503835675
31
0956160213
31
0956160213
31
0676707774
31
0993252779
31
0972158060
31
31
0634889672
31
067
30
0962912469
30
0962912469
30
0679527037
30
0995266894
30
30
050
30
096
30
0672363404
30
80988955545
30
093
30
067
30
0668530321
30
095
30
0675600279
30
30
0991272954
30
0679387734
30
0669757746
30
0935811083
30
0956579493
30
0979278004
29
0679660710
29
0503552221
29
0664552979
29
0631388122
29
0988792662
29
050
29
097
29
0672321010
29
095
29
0684929168
29
0674672075
29
0504431053
29
0672770633
29
095
29
0937229008
29
0986058817
29
050
29
0503712151
29
097
29
097
29
0509675003
29
96211
0930915358
29
0675555
29
5780003
29
0674664762
29
093
29
093
29
0675481313
050
29
050
29
0972525090
29
068
29
067
29
19800401
0677949938
29
0509545856
29
0688068887
29
0931498358
29
380661757777
29
050
29
0994334770
29
0997666168
29
093
29
0508321531
29
29
093
29
0989001540
29
0635764434
29
0509675003
29
067
29
0503845306
29
0939492497
29
093
29
0675771545
28
0503359121
28
067487880
28
050
28
0504432280
28
0672204913
28
0677996619
28
044
28
28
0675678923
28
0661232670
28
0501673554
28
093
28
0977298403
28
067
28
0674068231
28
067
28
0503577655
28
0677603522
28
0504441122
28
0676207014
28
0672440234
28
050
28
097
28
067
28
0672200443
28
050
28
067
28
28
093
28
0503178696
28
0958093117
28
0676851785
28
093
28
0676851785
28
0679595342
28
095
28
0639592618
28
068
28
888
0674023340
28
0677200421
28
0633055406
28
0679261976
28
0979299926
28
068
28
0677224404
28
067
28
0967210206
28
0672359187
28
096
28
0673211105
28
0937101495
28
0971548970
28
0675481313
28
0664512301
28
0674425451
0674425451
28
28
0503883131
28
28
28
0999725205
28
0930807686
28
0509575977
28
067
28
0675481313
28
0675950605
28
0979448143
28
050
28
067
28
066
28
28
28
0673282784
28
0509290884
28
0507013303
28
067
28
28
0679261976
28
0632981328
28
0504483121
28
0677606076
28
067
28
28
0674026263
28
0507498258
28
0674331826
28
066
28
0911140409
28
095
28
0675982181
28
0934248002
28
0686214204
28
067
28
0679358360
28
099
28
0979448143
28
0669757746
28
380678107373
28
28
0672322744
28
0938618861
28
067
28
80688077720
28
0503116798
28
0955699986
27
27
044
27
0677770220
27
0977526220
27
0965912350
27
5780003
27
050
27
0507534455
27
067
27
0988571188
27
0674033947
27
0999725205
27
0683584515
27
068
27
0932708077
27
0964413322
27
050
27
0979447308
40
27
067
27
0636862444
27
380974029204
27
27
0503718572
27
0660807899
27
0994248406
27
0968457339
27
097
27
0674358833
27
097
27
0672207353
27
096
27
0674407052
27
0989001540
27
091
27
0972204040
27
0962900462
27
380503538177
27
0662484312
27
0983474382
27
063
27
0662484312
27
066
27
097
27
050
27
27
050
27
0976977616
27
067
27
098
27
068
27
0973529765
27
0501633933
27
050
27
097
27
0679697539
27
0500300571
27
063
27
0674473427
27
050
27
095
27
0977922123
27
0675389772
0675389772
27
0501336695
27
380661220281
27
0673124977
27
0674035860
27
0938086371
27
0674090633
27
0676570597
27
050
27
0677311207
27
0664356790
27
098
27
0938086371
27
050
27
0636293761
27
0996027067
27
0503876524
27
067
27
091
27
0632941616
27
0955447650
27
097
27
27
0636862444
0979836803
27
0503879386
27
0503872778
27
096
27
0972266297
1
27
067
27
27
0503872778
27
0678399999
27
0672208221
27
0684482060
27
0931449537
27
0504499727
27
0679462055
27
0962900462
27
050
27
0934786108
27
0503803809
27
0975344364
27
0502629493
27
0681971543
27
0971884141
27
067
27
0507078080
27
27
0677888347
27
27
050
27
097
27
0677639270
27
0679708109
0679708109
27
097
27
0502073907
27
0676494991
27
095
27
0672556465
27
067
27
27
095
27
0996027068
27
0996027068
27
0979176992
27
066
27
050
27
0965996942
27
0504114750
27
0679838352
27
0674706768
27
067
27
099
27
0971406884
27
0503863494
27
0967903136
27
27
095
27
0505581573
27
380676409998
27
0996312208
27
0992918255
27
0989995374
27
0672423321
27
0672423321
27
380487003425
27
27
0673931670
27
27
0932708077
26
063
26
063
26
099
26
0675266279
26
0967975082
26
0677770220
26
0962571257
26
0987547868
26
0987547868
26
0987547868
26
0987547868
26
050
26
45117
0938202027
26
0631431811
26
0636280903
26
0676253890
26
0676561897
26
380979659170
26
0676561897
26
0671368004
26
0931985526
26
0677751216
26
0504630669
26
0676380268
26
067
26
0679581302
26
067
26
0965996942
26
050
26
0972308433
26
0672564882
26
097
26
050
26
067
26
0505513358
26
0979950526
26
26
098
26
0974964953
26
0675967566
26
0971196811
26
26
067
26
067
26
0506444183
26
066
26
0505459515
26
067
26
0675676411
26
0939147242
26
0958760071
26
063
26
26
0679558242
26
066
26
097
26
0503212288
26
0509371506
26
067
26
099379102
26
0987000989
26
099
26
0679559572
26
050
26
0974345978
26
0675379367
26
0505421584
26
0671949431
26
067
26
180579
0933136434
26
067
26
050
26
068
26
0979277647
26
0502528190
26
099
26
26
0982208825
26
0675028530
26
0674620500
26
0672955253
26
0710208
050
26
0502528190
26
0964491613
26
0675068103
26
050
26
0502528190
26
0502528190
26
099
26
0504475667
26
0984103990
26
050
26
050
26
0503530031
26
067
26
050
26
067
26
26
380955207609
26
0672178770
26
0681715347
26
067
26
0975494549
26
067
26
0674015561
26
067
26
0503808470
26
0674276239
26
0677037291
26
26
77
0505772779
26
067
26
80951205687
26
0504434441
26
0661282229
26
0503927080
26
0974132843
26
0932177433
26
0673174771
26
0683223730
26
0672955253
26
0505469576
26
050
26
26
0676393232
26
0979420064
26
0672633328
26
0667366240
26
0672951331
26
0503281930
26
067
26
0958050058
26
0502646300
26
068
26
380678107373
26
0683990225
26
0631798602
26
0631798602
26
380975589646
26
0951554980
26
380955207763
26
0503471640
26
0505513358
26
107
0967554390
26
0964002342
26
0675705740
26
0986114478
26
0975186931
26
380673416129
26
0979364490
26
096
26
0952729524
26
0935419284
26
0972107050
26
0980046421
26
26
0507186394
26
0634659001
26
0964429092
26
0675383904
26
0964429092
26
096442
26
380933315186
26
0997889390
26
0677770220
26
0678725006
26
0683990030
26
050
26
0936655042
26
380672206705
26
0667553464
26
0986920462
26
0986920462
25
0633505981
25
0978898505
25
063
25
0982929031
25
063
25
0979341533
25
0505660077
25
0990610504
25
067
25
068
25
0504220421
25
380674017205
25
0674379742
25
0634335211
25
0950980240
25
8067
25
8067
25
25
25
0974345978
25
25
0977559755
25
611
25
0992701997
25
0509842964
25
0674620500
25
0936016410
25
0997977483
25
0677872208
25
0677406426
25
0933742430
25
380978019908
25
0674029099
25
0679631828
25
0972204040
25
067
25
0501533387
25
0959230338
25
0958760071
25
25
0938553820
25
0675684111
25
0675684111
25
0675684111
25
0675684111
25
0675003580
25
067
25
0992701997
25
25
0673299681
25
066
4
25
25
0674684187
25
0955942332
25
0955402715
25
067
25
067
25
0675476014
25
063
25
380503917297
25
067
25
0996855527
25
0994846252
25
0984608705
25
0667672394
25
25
067
25
050
4
25
050
25
067
25
0664394134
25
0664394134
25
066
25
0675389772
0675389772
25
0976477929
25
2193676
25
066
25
0677242409
25
0677242409
25
0503315988
25
067
25
25
25
095
25
0963714826
25
095
25
0509188336
25
0675003580
25
0675003580
25
0963778130
25
0674015561
25
0985531343
25
0973978220
25
0673848496
25
0966655564
25
0986751878
25
0632327535
25
0667554339
1
25
0635617573
25
0635617573
25
097
25
25
0675003580
25
25
0984608705
25
0984608705
25
0675037688
25
0672206576
25
097
25
0673802478
25
0662222916
25
0936484925
25
0505433084
25
068
25
0661449930
25
0662166767
25
0978291813
25
0507222047
25
0505665547
25
25
0670507
25
0675059157
25
068
25
067
25
093
25
0931501170
25
0958838918
25
067
25
25
0939687097
25
0662906586
25
0995475171
25
0662906586
25
0951361460
25
0675273333
25
25
0957125253
25
0975242267
25
097
25
096
25
0951361460
25
0501534162
49
25
0664282521
25
0977414000
25
0957447739
25
0939806323
25
067
25
050
25
067
25
0508368840
25
0676569303
25
0503831897
25
0672309780
25
093
25
5130000
0973049399
25
067
25
0667246964
25
0667246964
25
0503460171
25
0509815503
25
0503460171
25
0674424070
25
0672167171
25
0672693165
25
0632344869
25
0679538732
25
0672203918
25
0503865220
25
0505305282
25
0506271414
25
0677029264
25
0679519821
25
0964415073
25
0507656210
25
0507656210
25
097
25
050
25
0506301485
25
0962285996
25
0678047886
25
0506024517
25
25
0933333100
25
067
25
0990691505
25
0990691505
25
0502164776
25
0505684972
25
044
25
0677227333
25
0933742430
25
0991409569
25
0665780819
25
380677499000
25
0930627738
25
0679869616
25
0936917712
25
25
0506418161
25
0677513924
25
067
25
25
067
25
24
0506492552
24
0993640494
24
0933742430
24
0637899186
24
050
24
0506586860
24
0990332101
24
80673662314
24
8
24
0937543453
24
0950445267
24
0976138071
24
0505802723
24
0503927080
24
0958140929
24
24
050
24
0966100711
24
2661133
0508327557
24
24
098
24
0506203538
24
0969984545
24
0953054635
24
099
24
24
067
24
0675614251
49080
24
050
24
0503522033
6
24
380964385384
24
0503584556
24
0982855639
24
0679642971
24
0503522033
6
24
0997772757
24
050
24
24
0679993642
24
093
24
067
24
067
24
050
24
0966692278
24
097
24
0673702105
24
24
0664567260
24
050
24
0506965105
24
24
050
24
0503315043
24
0673802478
24
097
24
0673802478
24
380975589646
24
0979526833
24
24
0672508631
24
0672544777
24
067
24
095
24
067
24
0501398099
24
170684
0956290700
24
24
0676882364
24
0963532880
24
0667891987
24
0984592676
24
0954007433
24
24
0675071196
24
050
24
0672960314
24
0982872242
24
0976138071
24
097
24
067
24
0972376205
24
6
380995530323
13
24
097
24
0984103990
24
8067
24
0963663538
24
0952701406
24
0994399053
24
0977070757
24
0677596942
24
0672433113
24
0676831729
24
0504402851
24
0673216356
24
0632818485
24
067
24
0502850301
24
067
24
0971690005
24
067
24
0972726950
24
0502850301
24
067
24
0676831729
24
0676831729
24
067
24
067
24
0676831729
24
0996855527
24
24
0679084890
24
067
24
066
24
0991288631
24
0679677838
24
0989504450
24
0989504450
24
0675313256
24
0503056503
24
0663855912
24
0631314245
24
0675041432
24
0667551405
24
096
24
380505735883
24
0634659001
24
0506232317
24
0667840584
24
0667840584
24
0977433307
24
050
24
050
24
24
0982236888
24
24
0638584805
24
067
24
0679076628
24
098
24
050
24
098
24
0674437399
24
380503587808
24
067
24
0667844138
24
0982236888
24
067
24
200112
0664440759
24
200112
0664440759
24
097
24
067
24
0668004242
24
0963114123
24
050
24
063
24
093
24
0975242267
24
0679660710
24
067
24
0679327915
24
0992551213
24
5975126
0675975126
24
24
067
24
063
24
063
24
0502906122
24
067
24
097
24
0506024517
24
0964474640
24
067
24
0964474640
24
0444932217
24
0675052766
24
0982633338
24
050
24
0982879333
24
0665164825
24
0504019925
24
067
24
050
24
0962631989
24
0672458951
24
0980159666
24
0971327541
24
0672458951
24
067
24
099
24
067
24
24
0633357287
24
0675939078
24
0671587488
24
0664770052
24
0977490333
24
067
24
0672544777
24
0502077995
24
0951963252
24
097
24
0993640494
24
0505799424
24
0675095263
24
0664184849
24
0971884408
24
067
24
0677513924
24
0677242409
24
0984915081
24
0981107010
24
160821
0675317333
23
0503808470
23
063
23
0979993333
23
0953240916
23
0675208008
23
0509711201
23
067
23
0636407929
23
380676017647
23
0505349516
23
0674904416
23
098
23
0985551649
23
0505735883
23
0672363878
23
0671362649
23
0502222039
23
380676368936
23
0677887547
23
0989914164
23
380951145331
23
0504768889
23
380951402233
23
067
23
067
23
23
235
23
0509923785
23
2661133
0508327557
23
0673211219
23
0503117201
23
8013452
0958013452
23
0973168132
23
0930941012
23
067
23
067
23
0955773544
23
0952701406
23
095
23
0688086555
23
0971271481
23
0509169063
23
23
0675947596
23
0672928027
23
0672928027
23
0503577806
23
0504131250
23
050
23
0504131250
23
23
0975336822
23
05003471640
23
05003471640
23
050
23
0931613983
23
0931613983
23
0931613983
23
050
23
380982026002
23
0950123668
23
0504371050
23
0950123668
23
0503001861
23
0972333432
23
0668433055
23
23
0636436188
23
0963540196
23
0662078079
23
0671587488
23
0971246334
23
0509541119
23
0505799424
23
0500278797
23
380679887792
23
0971615882
23
0997201784
23
23
0967277240
23
0671444035
23
0502805665
22
0505640789
22
0963540196
22
22
0505358056
22
0963540196
22
0673234040
22
0951567694
38100
22
0507610001
22
0679912111
22
0637161340
22
0679912111
22
0679912111
22
096
22
0509060987
22
0675313115
741004
22
0632728885
22
0991693890
22
0679558242
22
0661806610
22
0504488650
22
0677503414
22
0984289496
22
380676843384
22
0677853440
22
0679426391
22
0505012001
22
096
22
050
22
0968557790
22
21
050
21
063
21
0677406426
21
380954271616
21
0931458954
21
067
21
0504628476
21
0988768408
21
0954559454
21
0984653832
21
0669515100
21
067
21
0935162006
21
0673219108
21
0951963252
21
0973014881
21
21
21
097
21
0963316950
21
21
0672751911
21
21
067
21
21
0662430328
21
0938122990
21
0672338752
21
0675380050
21
0933725712
21
0956588095
21
097
21
0503076593
21
067
21
21
0979191709
21
0665538676
21
0984592676
21
0675496555
21
0677190866
21
0672751911
21
095
21
0508393832
21
0632546654
21
0632546654
21
0688113879
21
0632546654
21
067
21
0963704416
21
21
0987547868
21
89852100042
21
0979542992
21
0503872778
21
21
0973014881
21
0979542992
21
044
21
0671113034
21
0506468779
21
0663990161
21
0979045874
21
0672809690
21
050
21
0506024587
21
0954047133
21
0673813637
21
0673813637
21
0502460357
21
0689613400
21
067
21
0955012109
21
0671315202
21
0672442893
21
0677242409
21
0675071196
21
0982929031
20
380674811279
20
0936808311
20
0984058965
20
0955074421
20
0955074421
20
0989506662
20
0970228509
20
0979061756
20
584428
0507389009
50
20
584428
0507389009
50
20
0674077063
20
0502183118
20
0956499764
20
0985254757
20
0672320836
20
0672320836
20
0505308929
20
0965537737
20
0933442222
20
0662078079
20
0502538695
20
050
20
0504019925
20
0677118969
20
067
20
20
050
20
0660845666
20
0933167471
20
0984592676
20
0959007755
20
050
20
0965062185
20
0672394040
20
050
20
0668108623
20
0988318411
20
099
20
0982879333
20
491
20
0987801823
20
380952301626
20
0677696248
20
0689613400
20
066
20
068
20
0967662224
20
380972559992
20
0967662224
20
0669192498
20
0669192498
20
0669192498
20
0674706674
20
0509061222
20
098
20
0677596942
20
050
20
0
20
20
0671931190
20
20
0967013193
20
0562
20
097
20
093
20
0973419624
20
0504286870
20
0972537138
20
0503519445
20
0506840704
20
0634541482
20
0976878734
20
0506024587
20
0504403944
20
067
20
0673207253
20
0672207572
20
067
20
0505429949
20
0673330803
20
20
0979001501
20
0509123328
20
0977654339
20
0937601220
20
067
20
067
20
0506468779
20
0955621964
20
068
20
0937601220
20
6
20
067
20
0503888053
20
0673581900
20
0501312655
20
068
20
097
20
0962455503
20
0633601115
20
0633601115
20
0672174046
20
0951925359
20
0672206778
20
774822
0631932636
20
0501947461
20
20
0504585949
19
0504903664
21
19
0502700343
19
0675024853
19
0503749778
19
0957309708
19
0667285108
19
067
19
0955572241
19
0977802817
19
0677622222
19
0679027333
19
066
19
093
19
77
0638776604
19
0509456043
19
0951226606
19
0955770131
19
066
19
0987404624
19
0506260900
19
0957754013
19
19
067
19
19
067
19
067
19
19
0504044147
19
0637987136
19
0504903664
21
19
0973016895
19
19
066
19
050
19
19
0507222047
19
19
0507222047
19
0503876524
19
0937599050
19
0679963546
19
097
19
0507168114
19
0997162817
19
097
19
0505107376
19
0973347295
19
0973347295
19
19
0632899364
19
19
050
19
099
19
0677115900
19
0960100858
19
0975777171
19
0969487237
19
0508757614
19
0508757614
19
0508757614
19
067
19
19
096
19
096
19
099
19
19
093
19
0674590135
19
19
0501312273
19
0938558739
19
0501312273
19
0504403944
19
050
19
0974342165
19
19
095
19
098
19
380504488141
19
0979546701
19
0979546701
19
0672450186
19
0663694056
19
0663694056
19
19
098
19
0966580909
19
19
0679072916
19
0504251193
19
19
0662019691
19
0505815740
19
0978291813
19
0677784200
19
099
19
050
19
0503129727
19
0972651104
19
0503571457
19
80673334700
19
063
19
0507222047
19
095
19
0962638551
19
0963718684
19
0663019630
19
0663734251
19
0667947645
9
19
0505568840
19
0976746000
19
0671906610
19
0505227389
19
19
0666192911
19
0506694912
19
0677242409
19
0504840998
19
0636195528
18
0677600085
18
0504585949
18
0677600085
18
0677600085
18
0503585623
18
0506977734
18
0935340877
18
0500124237
18
050921
18
050921
18
0936602196
75100
18
0500124237
18
18
0953300715
18
0997892814
18
0501339714
18
097
18
097
18
0635709359
18
0675393252
18
0979197888
18
0506548396
18
0975242267
18
067
18
18
0508116254
18
0973134723
18
18
0677763276
18
0980024004
18
0955863004
18
0503862385
18
0677771079
18
18
0503323277
18
097
18
0501465884
18
0672911023
18
0667203708
18
1
18
067
18
067
18
0953357868
18
0500790616
18
050
18
050
18
067
18
097
18
0677115435
18
095
18
0505666502
18
0934594792
18
0675087819
18
0630638181
18
0506813446
18
095
18
0503815756
18
0977995452
18
0506813446
18
0675481313
18
18
0961706806
18
0979197888
18
18
067
18
0972844751
18
0933452465
18
050
18
0506813446
18
0972844751
18
0990399496
18
18
0679465945
18
0506813446
18
0663734251
18
0938440808
18
0687021122
18
097
18
0676009656
18
099
18
0953047760
18
068
18
068
18
0679112785
18
0503555741
18
050
18
0789894040
18
0503813356
18
093
18
0502571602
18
0679009174
18
0634783365
18
0672236558
18
067
18
0633809761
18
0973411841
18
380990946859
18
0672741509
18
0672741509
18
0962455503
18
0677193399
18
0661160975
18
0972637566
18
18
0502107010
18
097
18
068
18
050
18
0931501170
18
0934819701
18
0504478118
18
0508757614
18
0932483135
18
0506503891
18
380636848235
18
18
18
0984207670
18
80507405931
18
28
0669459804
98691
18
0500790616
18
0979398188
18
0935671471
18
0677541985
18
0957222517
18
0678707227
18
0966692278
18
0661562819
18
067
18
0675271704
18
067
18
0503308790
18
0939328709
1
18
0503102824
18
0672301117
18
0661118804
18
050
18
0987396797
18
0503091155
18
0972212959
18
099
18
2
0500856203
18
0980024004
18
18
0674047594
18
0674047594
18
0674047594
18
0503759423
18
0501672510
18
068
17
0674047594
17
0982257227
17
0679988775
17
0677600085
17
0675516917
17
0978898505
17
0505431816
17
0979274206
17
0505431816
17
0970440865
17
0509109851
17
050
17
068
1
17
17
050
17
050
17
050
17
0674926311
17
0663228810
17
067
17
050
17
0679919274
17
0508614520
17
0501770147
17
380974312350
17
067
17
0957754013
17
0504194452
17
0507658883
17
0632644867
17
0935440404
17
096
17
0989811239
17
0962638551
17
0958631386
17
0971799377
17
0674032852
17
050
17
0504810294
17
0672900829
17
0502596526
17
067
17
097
17
0502596526
17
0664319690
17
0664319690
17
067
17
0951925359
17
0501477761
17
0681260484
17
0679563786
17
067
17
0953101880
17
0504702062
17
0509472033
17
0672777022
17
0509472033
17
0675407714
17
0503519069
17
067
17
067
17
0663890301
17
0663890301
17
0953101880
17
0636097575
17
0679949038
17
0503158708
17
0661045034
17
2007
050
17
050
17
0504437854
17
0953101880
17
0672168366
17
0663734251
17
0505207210
17
0504840998
17
098
17
067
17
067
17
0956120342
17
0679847790
17
067
17
0958050058
17
0956120342
17
097
17
0679665473
17
0674238038
17
0679665473
17
0504437854
17
067
17
0674482549
17
0939325393
17
097
17
0939285752
17
066
17
067
17
0667503399
17
17
097
17
050
17
0500337400
17
0984369920
17
0676919657
17
0974731203
17
161053
0503888845
17
0506021304
17
050
17
0504103338
17
097
17
096
17
0971583260
17
0505207210
17
067
17
0503102496
17
0672095981
17
0501073340
17
0979216921
17
0979537532
17
067
17
0967758989
17
0979537532
17
066
17
0978748839
17
0972308379
17
068
17
0504692416
17
0974866343
17
0676376650
17
0681084201
17
0988079872
17
067
17
0504438549
17
0504194452
17
0676941166
17
066
4
17
0975211581
17
050
17
0663890301
9
17
0950321473
17
0504225441
17
067
17
0509277298
17
0503102496
17
0506877018
17
0951923887
17
17
067
17
0506877018
17
0509852178
17
0506877018
17
0669783065
17
17
0673250050
17
17
0504450374
17
0966692278
17
067
17
22
0936000088
17
067
17
0953323349
17
0504840998
17
097
17
0953291224
17
050
16
16
068
16
0675058483
16
067
16
0631505539
16
067
16
063
11
16
0685413029
16
0995230414
16
050
16
0679425812
16
0989811239
16
0989811239
16
0935440404
16
0503317802
16
0951849432
16
0503585712
16
0504194452
16
093
16
0978826782
16
063
16
16
0665344840
16
0991213516
16
16
0683577169
16
0936261719
16
0503521688
16
066
16
0673742218
16
0665344840
16
0501832797
16
16
0984131158
16
050
16
050
16
16
0954859325
16
16
0976582061
16
067
16
0974646980
16
0504311330
16
067
16
067
16
16
067
16
067
16
0677680249
16
0677680249
16
097
16
16
16
0662812625
15
0661630767
15
0674476001
15
093
15
0661630767
15
067
15
0674664762
15
099
15
0503866134
15
15
0679664446
15
067
15
050
230
15
0662812625
15
0952719999
15
15
0972908731
15
0974646980
15
0674876987
15
0679919274
15
0672439908
15
0985792255
15
0665968351
15
095
15
0672175005
15
15
0674675055
15
15
7
0504523692
15
2387
0990520467
15
15
067
15
0661355556
15
067
15
097
15
0505903051
15
0631832007
15
15
0679467345
15
0632655432
15
0952724424
15
4
80508897865
15
1
15
4
80508897865
15
0672223024
15
095
15
0672490969
15
0962027548
15
0991712851
15
067
14
0632492406
14
0509082058
14
0932485169
14
14
0932136301
14
80672876127
14
14
0973708986
14
0509445382
14
098
14
14
0677391578
14
0638723032
14
14
14
4943568
0504943568
14
0677391578
14
050
14
0952012427
14
0952012427
14
0979543969
14
0675481313
14
0509445382
14
0501802495
14
0949083908
14
14
2293717
096
14
097
14
0956989571
14
050
14
0504154918
14
0638714187
14
0997161154
14
067
14
0985816027
14
0672315169
14
14
0970117864
14
0669735443
14
0970117864
14
14
0506551847
14
14
0503159433
14
0679913141
14
0679913141
14
0679913141
14
050
14
380672320847
14
0963696870
14
067
14
14
0951549064
14
0634998210
14
0504695322
14
14
0676727587
14
0963130714
14
050
14
0681986473
14
050
14
0507155942
14
097
14
0682315822
14
0631991555
14
0679829066
14
14
0972660198
14
0979148377
14
0509429807
14
0633729215
13
0969660500
13
0505944185
13
097
13
0675024827
13
13
0502180795
13
0503535228
13
050
13
13
099
13
0994508836
13
0962401082
13
0501018975
13
0939136021
13
096
13
13
13
0503102496
13
0508614520
13
096
13
096
13
0964226623
13
0985806891
13
0663809775
13
0503806486
13
0989222437
13
097
13
066
13
13
093
13
13
4
0971642361
13
0503159433
13
050
13
0972105892
13
0976938455
13
0504696683
13
0662071920
13
0979542992
13
067
13
050
13
0504698969
13
066
13
0939310677
13
0963892338
13
0674052320
13
13
0979472268
13
0973446167
80100
13
0674708941
13
0676934700
13
050
13
0973156161
13
0953151685
13
097
13
0503114799
13
067
13
0678503773
13
0503114799
13
2009
0504657588
13
0962631989
13
2009
0504657588
13
06766570034
13
0677548455
13
13
067
13
0503114799
13
0503114799
13
13
0503114799
13
0503114799
13
0679715763
13
0507477575
13
067
13
0960908090
13
13
050
13
0503722404
13
0958550444
13
0962631989
13
0673211219
13
067
13
0960908090
13
0501863555
13
066
13
0674062675
13
0991367116
13
0991367116
13
0991367116
13
0509501507
13
0979040949
13
0663045178
12
0679422903
12
12
0634961262
12
063
12
0963547043
12
0503949660
12
0679828403
12
0979042381
12
0937543453
12
066
12
0503807303
12
0674509089
12
0938668141
12
0938195838
12
0681084201
12
0966340529
12
0979472269
12
0503807303
12
0966340529
12
0972972882
12
19
0939189023
12
12
271184
0953345225
12
095
12
0666612848
12
0638584805
12
0933092919
12
0991861912
12
0504441033
12
380502419849
12
095
12
0954065002
12
0982876728
12
067
12
0673197730
12
067
12
0672208254
12
0509610611
12
0665219156
12
0662701956
12
0503340393
12
0508159081
12
0666145452
12
12
0975398361
12
097
12
0503730298
12
12
098
12
0672348754
12
0677697954
12
050
12
095
12
050
12
0979439264
12
0976919015
12
12
0503538706
12
050
12
0996030412
12
063
12
0679964921
12
380679425966
12
80975023523
12
050
12
0503806746
12
0666612848
12
050
12
0979082931
12
050
12
12
0506813446
12
12
0502502482
12
067
12
093
12
12
099
12
066
12
067
12
099
12
0951287538
12
0974916366
12
0997639784
12
0679435535
12
0976600605
12
0963611199
12
0952786505
12
0661231782
12
0505391164
12
0953828882
12
0979609139
12
0672557516
12
0962141514
12
0632603165
12
067
12
0674510217
12
12
0953324209
12
093
12
0661118801
12
099
12
0677507774
12
0965537737
12
0934484680
12
067
12
0963398205
12
0979082931
12
0503323333
12
093
12
0674075573
12
0979319091
12
0503844885
2
12
0972382674
12
095
12
0957208177
12
0503341127
12
050
12
0661281122
12
12
12
067
12
0672790134
12
0997314076
11
093
11
0503772269
11
0679204308
11
0957006541
11
0503770253
11
0673700926
15
11
0673700926
15
11
0982611361
11
0954959469
11
0997253425
11
11
066
11
0937386234
11
0503927080
11
80975023523
11
044
11
0504815797
83003
11
044
11
11
050
11
0951923719
11
067
11
17
11
0679519136
11
11
0506234488
11
0676570034
11
0950123070
11
0982002005
11
0951270668
11
0950123070
11
0504441033
11
067
11
0967461134
11
067
11
0979084352
11
9774741
0994280918
11
0974072027
11
0951020106
11
0667309866
11
0501960366
11
11
0939500700
11
050
11
050
11
091
11
0967662224
11
0967662224
11
380508721127
11
067
11
097
11
0977194383
11
0674520800
11
0939314991
11
098
11
050
11
11
067
11
066
11
063
11
0667685858
11
380507078595
11
9774741
0994280918
11
050
11
067
11
066
09
063946
1
333
11
0503903317
11
380504147717
11
0635889248
11
0501586671
11
0994445535
11
0972139437
11
067
11
0951287538
11
0969431222
11
0674035722
11
097
11
0505364506
11
2387
0990520467
11
0664822032
11
11
0674126389
11
380934846306
11
380934846306
11
380934846306
11
0509375564
11
380934846306
11
11
11
0664289236
11
0672201356
11
0674049473
11
097
11
0504432266
11
0505561970
11
0672337989
11
0935719204
11
0660163689
11
0660163689
11
050
11
0504222818
11
11
0673522224
11
050
11
0507711086
11
11
0953702184
11
050
11
11
0673183553
11
066
11
098
11
2
0673280049
11
0962302486
11
0935719204
11
8
11
0508033052
11
0967461134
11
0934565912
11
050
11
050
11
066
11
0984592221
11
0505656737
11
380673083805
11
0631533466
11
0673624162
11
0988451542
10
066
10
066
10
0506873506
10
0503307721
10
0993640494
10
19
0937940306
10
0674476001
10
0679998867
10
050
10
050
10
0970431777
10
0964415073
10
0669454950
10
380507423761
10
0669454950
10
0665821886
10
0672095740
10
0632203032
10
0665821886
10
097
10
0931550080
10
0931550080
10
0685683133
10
0679830848
10
096
10
067
10
0678982059
10
0503510813
10
0503510813
10
0664319690
10
0664319690
10
0505112707
10
0974978466
10
0505351951
10
0938188040
10
0677885742
10
10
0674035722
10
050
10
0673396555
10
0679432643
10
0978945676
10
10
0960793701
10
10
0975544444
10
098
10
10
80975300761
10
0509198910
10
0975078600
1
740
10
0975078600
10
063
0639460463
09
063946
1
333
1
510
050
10
1111111
1
67
10
095
10
098
10
9
1
228
10
068
10
066
10
0501818188
10
0669371513
10
0677736839
8
10
0956027555
10
067
10
050
10
067
10
067
10
067
10
067
10
063
10
0674111692
10
0503326525
10
0677485868
10
097
10
0507076100
10
0959234921
10
063
10
0504403944
10
10
096
10
0971712574
10
0508603989
10
0508603989
10
0672314329
10
380506461053
10
0982655454
15
10
0956493949
8
10
0674471239
10
1111111
10
0677052726
10
098
10
8
10
0504288264
10
067
10
0632100357
10
067
10
0672441621
10
0993843009
10
0953323349
10
0969431222
10
099
10
0976567172
10
0976567172
10
066
10
10
0504432560
10
0504432560
10
0978256876
10
45700
10
0989031576
10
0505365009
09
0661997055
09
09
095
09
067
09
0979448632
09
0984777505
09
0508033052
09
09
0679631828
09
0503806486
09
097
09
050
09
098
09
050
09
0678044707
09
0672999459
09
0913275432
09
09
050
09
0508371605
09
09
050
09
0672301190
09
8
09
09
0666071341
09
0504452302
09
0507335738
09
0504452302
09
46
70784
46
09
066
09
067
09
0502139026
09
4
09
0674418185
09
0672340729
09
063946
09
0956687092
09
0994318894
09
0506724545
08
0676846243
08
0677600085
08
0507193060
08
0677600085
08
0677600085
08
0506071060
08
0976074534
08
067
08
067
08
0661489668
08
0667288392
08
0500239269
08
0677111324
08
0505104725
08
0994723319
08
0969604253
08
0973944128
08
0996527937
08
08
0502391329
08
098
08
0672305314
0443320982
08
0996527937
08
380997512519
08
0935756236
08
0678884242
08
0634060519
08
095
07
0677205453
07
07
0502867813
07
0672205136
07
0503510813
07
0975269037
07
0939136021
07
0634961262
07
0503340393
07
096
07
07
0503558817
07
0673798883
07
067
07
0672544777
07
067
07
0674854253
07
0506749091
07
050
07
050
07
050
07
050
07
0676376650
07
0673229270
07
0952579594
07
0935719204
07
0509026897
07
067
07
380954131286
7
7
7
07
0508691092
07
380938572282
07
0503102496
07
0637353305
07
050
07
0688812527
07
097
07
0504455988
07
0677752079
07
07
0688812527
07
0688086838
07
098
07
0504489890
07
0506496674
07
0508064207
07
0636973747
07
096
07
0509756758
07
0633666168
07
0504721606
07
097
06
093
06
0676822211
06
0676822211
06
0672658476
06
0674108515
06
098
06
0506577565
06
06
0673211219
06
0938435362
06
06
0679660710
06
098
06
0663502724
06
0673425976
06
0501898612
06
066
06
0954470500
06
0672978302
06
0999861721
06
068
06
063
06
06
0674478235
06
067
06
0671032663
06
066
06
0955543048
06
0955543048
06
0683401036
06
099
06
0993843009
06
06
067
06
0500267282
06
0632425714
06
0504721606
06
0504721606
06
0990557730
06
0989911325
06
0509394155
06
097
06
380634624242
06
067
06
067
06
0961754873
06
050
06
0676009656
06
0974330068
06
063
06
0677292411
06
0660100008
06
0935756236
06
0990557730
06
0507789365
06
0999861721
06
0999861721
06
095
06
0504311330
06
0504311330
06
097
06
063
06
097
06
0990399496
06
06
0958050058
06
0504403944
06
0505194142
06
0668144654
06
0990557730
06
097
06
06
095
06
0954079514
06
097
06
0509168007
06
0677495266
06
380509876316
05
0676639877
05
0982958844
05
0673179570
05
0504400960
05
067
05
0972122708
05
0505121737
05
0505121737
05
0679412111
05
0504381697
05
0503712384
05
067
05
067
05
05
068
05
050
05
0661472000
05
0501641835
05
050
05
050
05
0661489668
05
0504134958
05
066
05
0509759707
05
380505919256
05
05
0972444550
05
05
0963009515
05
066
05
067
05
0936930362
05
0989911325
05
0934203015
05
0672387441
05
0508773897
05
066
05
0664522645
05
067
05
0982002005
05
0672092926
05
0933742430
05
095
05
0979408391
05
0501616708
05
0665192116
05
0667776577
05
05
0973419624
05
096
05
05
096
05
096
05
0674474215
05
0672404606
05
0669696070
05
05
0938592270
05
0509041443
05
093
05
0990820200
05
0979836722
05
0970265223
05
0955371314
05
0635675603
04
0936930362
04
0673178854
10025
04
0958671974
04
0999024891
04
04
0509525792
04
04
0679760602
04
0952713103
04
0688356772
04
067
04
067
04
04
097
04
0966831819
04
0508773897
04
0508773897
04
0508773897
04
067
04
063
04
04
0982452657
04
380664183507
04
095
04
0674686548
04
04
0679502140
04
0504691700
04
0501399405
04
050
04
0679991269
04
096
04
0939190553
04
0990399496
04
0979836722
04
096
04
066
1
1507
04
067
40
04
0931479843
04
067
04
0939190553
04
0676841197
04
0672337989
04
0676841197
04
0990771069
04
04
0955447650
04
0937548960
04
04
0684411171
4
1
199
04
0503221622
04
0982531355
04
0679432643
04
067
04
0673137538
04
04
04
0678921713
04
050
04
0673137538
04
0971572165
04
0679725996
04
04
0632325399
04
0505434046
04
0503510813
04
0677897963
04
0990112022
04
067
04
380504721040
04
0679760602
04
067
03
050
03
098
03
0980324826
03
0673545529
03
0506247969
03
0632602229
03
0509525792
03
8
03
050
03
0676570597
03
0963180777
03
098
03
067
03
0663843828
03
0976422114
03
0509846362
03
067
03
050
03
050
03
0504505063
03
0990700556
03
0501698848
03
03
03
0509266402
03
098
03
098
03
0977384907
03
0503836932
03
03
093
03
0503040726
03
050
03
067
03
03
0679929576
03
093
03
0990303831
03
0503138552
03
03
0935627550
03
03
067
03
0501365030
03
0672544777
03
050
03
068
03
0678480778
03
03
0672491478
03
0977963062
03
0679715763
03
0506244288
03
03
067
03
03
0667262823
03
03
0674467154
03
0931332685
03
0673831549
03
0935804943
02
098
02
0506132239
02
0638444144
02
0671461345
02
0637066408
02
0504381697
02
066
02
067
02
0676393232
02
0671822676
02
067
02
0674404380
02
0506502929
02
0954682373
02
0671822676
02
0507078595
02
093
02
0939144025
02
0988511611
02
0961312845
02
067
02
0958718551
02
099
02
099
02
0673978337
02
0677780388
01
0503777189
01
0964687068
01
067
01
050
01
093
01
01
0635881307
01
0501936977
01
0988940002
01
0679042312
45000
01
0509456912
01
0987487455
01
01
0667664363
01
0954444691
01
0999333961
01
068
01
01
0958480432
30
7
093
30
0635881307
30
0961549288
30
0958720620
30
0679098566
30
0961549288
30
098
30
0637066408
30
0674387948
30
0674064779
30
0501844058
30
050
30
0979529678
30
063
30
0979364490
30
380667262523
30
095
30
30
0672671790
30
0672671790
30
093
30
0675141140
30
0958738029
30
0506055508
30
0677692176
30
0919051350
30
0986910029
30
096
30
067
30
0671374050
30
0958305931
30
067
30
067
30
0632420850
30
0500790616
29
0990303831
29
0673831451
29
380506675569
29
0975105628
29
0504420828
29
0504696311
24
29
0662085869
29
050
29
067
29
8
2
29
063
29
095
29
067
29
066
29
0676961729
29
0709
0675062543
29
0503100602
29
0984102682
29
091
29
0503554543
29
0972660198
29
29
096
29
096
29
093
29
0638794154
29
396941
29
29
095
29
050
29
0503079020
29
0501859624
29
29
0986923287
29
03040
29
0675701159
29
0990648592
28
2009
0503969466
28
0675394409
28
067
28
067
28
0979009943
28
0505215715
28
067
28
0503841999
28
0939310677
28
8067
28
0509873965
28
80962300212
28
0679791555
28
80962300212
28
0677255114
28
067
28
050
28
0979654390
28
0503905240
28
0979654390
28
097
28
0676270270
28
28
0667800532
28
0504484255
28
0984777505
28
0666138789
28
28
0979616820
28
0674064779
28
0503116781
28
066
28
093
28
067
28
4
0508897865
28
0969312770
28
0503841999
28
093
28
28
0500790616
28
067
27
0953388372
27
27
050
4
27
0503522332
27
0966061177
27
0505231632
27
0503103881
27
0675017134
27
27
1
27
067
27
0503285184
27
27
01
095
27
221
27
0971567573
27
095
27
0679856715
1
27
0663936966
27
0953398703
27
0953398703
27
4
0632176011
27
0662186602
27
067
27
063
27
050
27
0683506665
27
0975105628
27
050
27
0936024144
27
096
27
0501930677
27
0973403803
27
0664289000
27
0977759699
27
0951386215
27
0679359330
27
0509359699
27
0679076166
26
067
26
80501741564
26
0984592676
26
067
26
066
26
096
26
066
26
0677403583
26
0664434455
26
093
26
0509270356
1
26
235
26
0506298646
26
0503346054
26
26
1
26
0663703115
26
0939314991
26
01
095
26
0636455033
26
26
0667608501
26
0503552877
26
050
26
067
26
0633809761
26
26
26
066
26
066
26
050
26
068
26
0953314014
26
050
25
0502958371
25
0933083725
1
25
0973511909
25
01
095
25
0984731003
25
25
0679631828
25
097
25
0501459760
24
050
24
0500324833
24
050
24
0953342271
24
0967277240
24
068
24
380966552028
24
0636528577
24
0507601244
24
0671753634
24
380979541316
24
050
23
067
23
0975105628
23
050
23
067
23
067
23
063
23
067
23
068
23
0937096227
23
067
23
380673855892
23
23
5198914
23
050
23
0931479843
23
093
23
23
067
23
0677406426
23
093
23
0973675212
23
0672555407
23
0950905109
23
23
0967834299
23
0957246039
23
100672
0951551921
22
0674023247
22
095
22
050
22
050
22
9679293849
22
097
22
097
22
097
22
0677364936
22
0979234223
22
5604413
22
095
22
0999315551
22
0672305314
22
0674202130
22
0681178919
22
0508589405
22
067
22
0669794057
22
067
22
099
22
050
22
0979304441
22
0939922005
22
050
22
066
22
0958389108
22
0971110000
22
0673736067
22
050
22
099
22
22
067
22
0501732880
22
0677364936
21
0964205419
21
067
21
380504442329
21
0507740515
21
0999315551
87500
21
0664434455
21
0505501334
21
050
21
0984406355
21
0501856555
21
0677389874
21
0501891935
21
067
21
0977205788
21
0937750163
21
050
21
0503762842
21
0
068
21
0503107893
21
0678125846
21
0984406355
21
0679781749
21
0957551127
21
0675018750
1
21
0501905861
21
0678125846
21
050
21
066
21
0509171310
20
0665431034
20
0505258567
20
0676621526
20
095
20
0973442433
20
0676145000
20
0688087367
20
0672339209
20
097
20
0674044980
20
0990110400
20
0505021815
20
0506838432
20
0979195412
20
0675572305
20
0505475052
20
0672163592
20
0501752623
20
0978864497
20
0509797837
20
066
20
0672196909
20
097
20
20
0978747848
20
067
20
19
77
0505772779
19
0677732540
40
19
067
19
80979359358
19
0955056130
19
067
19
380677749173
19
0978681092
19
097
19
0502958308
19
19
0675017134
19
0501779436
19
0664275981
19
066
19
0675017134
19
19
0661449930
19
0674997426
19
0932580585
19
0991695428
19
0672234689
19
097
19
0979153030
19
0675005402
19
0638811263
19
380504255509
19
0677732540
19
067
19
0972637283
19
0505679727
19
0989135042
16
19
0979650545
19
063
19
0506882926
19
067
19
0667822199
18
0682184290
18
0677732540
40
18
0500300571
18
0502787471
18
0999650082
18
0673535257
18
067
18
0991941443
18
067
18
18
0636014535
18
0990035095
17
0673342839
17
0984406355
17
17
380951145331
17
0677775708
17
063
17
095
17
0964002342
17
095
17
0979104200
17
380504255509
17
17
0501891935
17
0501891935
17
067
16
0688812527
16
0982855919
16
0975498608
16
16
16
0674544401
16
16
068
16
0637659908
16
095
16
0964247313
16
067
16
0661986292
16
16
067
16
0961312845
16
067
15
15
80979155511
15
0503586577
15
0503877848
15
0964229828
15
0503806281
15
0673835163
15
380969330560
15
0504194452
15
067
15
15
0984896034
49006
15
050
15
15
0500267282
15
0979395050
15
380503827446
15
0668857656
15
0672200266
15
0675027047
15
097
15
098
15
093
1
15
2
0503872267
15
097
15
097
15
0507498258
15
093
15
0979448143
15
0979448143
15
0979444774
15
0509454208
15
0966006400
14
050
14
067
14
0664791808
14
0508270529
14
492053
0501919492
14
14
066
14
0505967466
14
0504070530
14
0979843414
14
0676980707
14
0675047280
14
0977053215
14
0952746860
14
0504431053
14
0668857656
14
0503623071
14
380661189045
14
0660581258
14
0672712693
14
06671210069
14
050
14
0984026715
14
0984540634
14
067
14
050
14
0677647670
13
13
050
13
0509372230
13
0952755897
13
0976786447
13
0963853305
13
0963663538
13
0672207534
13
0976786447
13
0975902400
13
13
0504808939
13
0509088892
13
050
13
0677894835
13
066
24
0504442329
1
2
3
13
0503623456
13
0992421488
13
0689198341
13
0971969615
13
0504808939
13
0673430707
13
0673764984
3
13
0676993934
13
0958415988
13
0675017134
13
0936836112
54001
13
0506167174
12
0506625398
12
0506625398
12
0979474753
12
0652
12
0675486338
12
0677789407
12
12
067
12
050
1
2
3
4
5
6
7
8
42
12
0673430707
12
0994911684
12
0501960366
12
0994911684
12
0982208825
12
5604413
12
0679625594
12
097
12
12
0672337989
12
12
380637001927
12
097
12
0674062681
12
067
12
12
0677406426
12
097
12
12
0979836722
12
0677591587
12
0967872490
12
0967872490
12
0674654888
12
0506454099
12
0958288692
12
0502760088
11
0939031994
11
0963250432
11
0987839539
11
0667229799
11
093
11
0633566974
11
0638894623
11
11
0638783921
11
11
0672200479
10
0675964824
10
095
10
0982788418
10
063
10
097
10
443112
10
0982893732
10
0501891539
10
09
0984953390
09
0982788418
09
0671315202
09
050
09
0506453180
09
380504417112
09
0679404097
09
0963665255
09
0966006400
09
097
09
0985609717
09
067
1
140
08
097
08
0677777299
08
0972158060
08
0974152341
08
093
08
08
0968495615
08
0677813626
08
08
0504105589
08
095
08
0505629927
08
0939213926
08
098
08
063
08
0634434745
0958959811
08
050
08
050
08
0674011660
08
0976573990
08
0674907727
08
0677462726
08
067
08
096
08
098
08
0667979033
08
0637788088
08
067
08
068
08
0503882393
08
0677361224
08
066
08
07
0969703837
07
0504431053
07
0665987939
07
050
07
0677788088
07
0939214224
07
0507820487
295
07
097
07
0978520184
07
0973765646
07
095
07
0964677723
07
380990946859
07
050
07
0503517772
07
07
0963680994
07
050
07
8
07
0972439152
07
0951226606
06
0938217231
06
0674033947
06
097
06
0965070310
06
0507222047
06
093
06
095
06
0992551213
06
0679527252
06
067
06
0938512184
06
093
06
0974935771
06
067
06
050
06
067
06
0666634290
06
8067
06
050
06
0632104671
06
0503471640
06
0503073224
06
067
06
0667019983
06
0672363169
06
0506546140
06
0979398394
06
0972158060
06
0674023247
05
067
05
0950465986
05
0964493801
05
0961000408
05
05
0674668562
05
093
05
0674995657
05
0953938725
05
0675080906
05
0509106166
05
095
05
0632104671
05
0504498000
05
093
05
066
05
0509048790
05
0504695322
05
063
05
093
05
0636177318
05
098
05
050
05
0663734251
05
0674299283
05
0993286203
05
0674299283
05
067
05
0506546140
04
050
04
0672387058
04
0504111821
04
0506732257
04
0669454243
04
04
095
04
0675373836
04
380990959481
03
063
03
063
03
0956488265
50
03
066
03
097
77111
03
0771485466
03
0679098566
02
96
02
380964378889
02
0679098566
02
0678500014
02
091
02
067
02
050386
02
050
02
0952171687
02
067
02
0979542992
02
0970099604
01
067
01
098
01
0505283742
01
0505241347
01
01
063
01
27100
0984125664
01
096
01
096
31
0504102712
01
067
01
0972470054
01
0662939233
01
0504863817
01
067
01
097
01
097
01
050
01
097
01
0688620855
01
050
01
0679336251
01
0997684626
01
0502109393
01
067
30
01
01
0501701438
01
0984459280
01
0955175213
01
0683548228
01
066
31
097
31
0677242409
31
0632297243
31
0504102712
31
0669360841
31
0508810057
31
31
0984113430
31
0675329930
1
31
068
31
067
31
097
31
097
31
096
31
27100
31
27100
31
27100
31
27100
31
27100
31
27100
31
27100
31
27100
31
27100
31
27100
31
27100
31
27100
31
0951359357
31
067
31
0951359357
31
063617171783
31
0664422007
31
0664422007
31
0675373836
31
0501406672
30
0962922317
30
0962375154
30
30
0503300548
30
0505855946
30
0672365258
30
0975664641
30
0677894835
30
067
30
0675080906
30
067
30
0679232686
30
30
0970662195
30
098
30
050
30
2006
0679917415
30
0671031640
30
0506370925
29
0997772757
29
097
29
0672361335
29
097
29
0673467374
69002
29
0952171687
29
0501802821
29
067
29
0503563549
29
0672237635
29
0677854385
29
066
29
222
29
0978848902
29
067
29
0509451505
29
067
29
095
29
0504178590
29
0982123344
29
067
29
066
29
0675005567
2
29
0675005567
2
29
380503077646
28
050
28
0973899102
28
0509812315
28
0501077524
28
067
28
050
28
0988079872
27
0675439001
27
0676714888
27
0936411485
27
89126073307
27
0504102712
27
0672313761
27
0676059715
27
0973711111
27
09750158
097
27
26
26
380672201354
26
0504431053
26
380673743363
26
0679098566
26
0950659903
26
0504494298
26
050
26
0674469838
26
0974881622
26
0675488372
26
097
26
0503551174
26
0936582468
26
0954673367
26
093
26
0937753644
26
0676728969
26
066
26
066
25
25
0681330831
25
050
25
066
25
0988200164
25
097
25
097
25
067
25
097
25
09750158
097
25
09750158
097
25
0952867401
25
0954028340
25
25
097
25
063
25
0632385427
25
0674007601
25
24
0509250552
24
0504442329
24
0664421996
24
0678107373
24
067
24
05044180809
24
097
24
0963223418
24
0679161441
24
0503572929
24
0672208922
24
0975975565
24
095
24
0504123279
24
0933742430
24
093
24
0974935771
24
050
24
23
0677600085
23
0509694445
23
0992947961
23
097
23
0938501761
23
23
066
07101
23
0673062722
23
23
0952817905
23
0674957279
23
097
23
0954028340
23
0503537447
23
0632901780
23
0500153156
23
0983384562
23
0676331001
23
0676238847
23
0673453315
23
23
097
23
0683931131
23
050
23
0972130266
23
067
22
093
22
22
0950928545
22
0963043826
22
067
22
097
22
0632457331
22
096
22
050
22
0685382453
22
22
0962157522
22
067
22
067
22
0997757275
22
0675025586
22
22
066
22
0504126389
22
0934089427
22
0674023247
22
0953215586
21
205
21
380992989074
21
050
21
0678046668
21
0968192383
21
050
21
050
21
21
095
21
0679454528
21
0677600085
21
0677600085
20
0977207755
20
0675743313
20
0504517245
20
0665982032
20
4582
23455
20
0991170119
20
0673371111
20
0677600085
20
0677242409
19
380503247729
19
0671592143
19
0503073224
19
19
0674658474
19
0913022282
19
19
0504104207
19
091
19
097
19
050
19
0677204574
19
0509654341
19
0674507039
19
067
19
050
19
0501556908
19
0952860305
19
0506409375
18
050
18
0635242828
18
0674727575
18
068
18
050
18
0950870970
18
0674478865
18
097
18
0930605450
18
095
18
0964481884
18
067
18
067
18
0637573049
18
0672236328
18
096
18
0988079872
18
063
18
095
18
067
18
066
18
093
18
0503875626
18
050
17
0500352821
17
0675972210
17
380503110374
17
063
17
067
17
0994674485
17
0994674485
17
0669028200
17
0990691505
17
0953485158
17
17
097
17
0939562904
17
1
067
17
0683547023
17
0675238888
17
0671804673
17
0509293335
17
0674460852
17
050
17
0505147228
17
050
17
0672348229
17
0972483080
17
0953240916
17
0939249545
16
0990691505
16
0679661531
16
0501496330
16
0506950491
16
0996622263
16
0681921012
16
0504770267
16
068
16
0662110507
16
0676131312
16
093
16
0676131312
16
0501930432
16
093
16
0931810804
16
0950663083
16
0964163329
16
0509077172
16
0964163329
16
050
85
16
0667336091
16
16
0985918810
16
093
16
0991387116
16
067
16
278
16
16
0973765646
16
0673277738
15
0664247666
15
0993449541
15
050
15
15
0638168933
15
0982894455
1
1
15
093
15
0965756694
15
067
15
0679605535
15
0991884407
15
15
0983693110
15
0676213074
15
0964805718
15
067
15
095
15
15
0508404427
15
050
15
0979648325
15
0501770343
15
0664483328
15
093
15
067
15
0507190153
14
0509215278
14
0509215278
14
0962027548
14
0991170119
14
85307
14
14
050
13
066
13
0503229330
13
0985844708
13
095
12
12
0505820982
12
12
0503770253
12
12
067
12
0672980111
12
099
12
0501832797
11
0931972299
11
0674640372
11
0637231233
11
0976778443
11
099
11
093
11
066
11
067
0673322088
1
646
11
067
11
067
11
0962939797
11
076
11
067
11
050
11
11
0681971543
11
063
10
10
066
10
066
10
0963853305
10
0504755556
10
1
0674667667
10
10
0502095264
10
10
0674034650
10
0667965064
10
0509694445
10
0633566974
10
0673322088
10
0501400224
10
0504692325
10
0976420439
10
0501832797
09
0666994490
09
050
09
09
0675034641
09
09
0989292585
09
050
09
0938626272
09
0965200546
09
0679232686
09
0674405051
09
0970031667
09
0977964269
09
0977964269
09
0661010814
09
0503949660
09
0672307807
09
067
1
09
0976428553
09
09
0509713983
09
0935064242
09
380988199624
09
0667338175
09
0990853590
08
08
08
066
08
0506611313
08
0679718761
08
0636727118
08
097
08
0503105229
08
050
08
0500094586
08
06790791586
08
066
08
0937599332
08
0674023247
08
0963108975
08
08
098
08
380503827446
08
098
08
0678032018
08
098
08
063
08
098
08
063
08
097
08
0972850645
08
066
08
0506222092
08
0506222092
08
0965463115
07
0679313349
07
2334264
07
0973994168
07
07
0503310868
07
0508073909
07
0633728107
07
0674509089
07
0971321373
07
0503820001
06
066
06
0674411856
06
0672354268
06
0997294644
05
066
05
05
05
0979977777
03
03
0938441587
03
0503770253
03
26345323362
03
0506226804
03
0505017285
03
0675433556
03
03
067
03
0913012722
03
03
0675925500
03
0504424134
03
097
03
0503724043
02
02
02
0672491758
02
050
02
0505079415
02
0974165674
02
0635737242
02
0676610238
02
0972449902
02
0955863004
01
0975999532
01
01
01
0677975595
01
0505032242
01
097
01
0631958912
0631958912
01
0955720999
01
01
0985729735
01
0985729735
01
01
0677759838
01
0677975595
01
098
01
0974298989
01
01
0672088545
01
0503396398
01
067
01
067
01
067
01
0974298989
01
1
199
01
0963835129
01
0675925500
30
30
0677975595
30
0956538086
30
30
29
0971245422
29
29
066
29
067
29
0503105229
29
0505649920
28
0636172196
28
0953437118
28
0978350315
28
0674551200
28
066
28
0953119933
28
79097866028
2
28
0677199867
28
0503106358
28
0989898981
28
0638547891
28
063
28
0663781049
27
27
0937811856
27
0672547491
27
0672760480
27
27
0677975595
27
0676066684
27
0672400256
27
067
27
0503877848
27
0675904992
27
067
3
27
253
27
0509507649
27
0662704040
27
0503589160
27
0509495050
27
0662655270
27
0677224404
27
0500228568
27
27
27
27
050
27
098
26
050
26
0503563778
26
0675071396
26
066
26
067
26
067
26
26
5995138
26
0677292411
26
097
26
0633566974
26
0978213801
25
067
25
067
25
0675373849
25
0930201183
25
0505500351
25
0502934737
25
0674016951
25
25
0958366556
25
0637572494
25
0637572494
25
0503528933
25
0503528933
25
0672937301
25
0990967971
25
0673826799
25
0506835085
25
0674413971
25
0633510667
25
096
25
0954003988
25
050
25
0963467028
25
0987197020
25
0963647221
24
097
24
050
24
067
24
067
24
0982314012
24
099
24
0674436298
24
097
24
0503319193
24
89048048308
24
0930575600
24
097
24
24
0504418089
24
0939652303
24
050
24
067
24
095
24
0503118782
24
067
24
0672394810
24
0674043299
24
095
24
0979443211
24
0679432643
24
0972916325
23
135
0662673105
23
0688919571
23
0675256982
23
0955511472
23
0977279648
23
0674023247
23
22
0662539673
22
00599
0956777767
22
22
0963662111
22
0509049956
22
093
22
097
22
0504439028
22
0975206431
22
0509545856
22
096
21
380956801407
21
098
21
0973683270
21
0958481970
21
0667179878
21
0675033847
21
0977963062
21
066
1
96
21
0975537535
21
067
21
0503128099
21
067
21
0671339223
21
0956066556
21
0669778864
21
0979469141
21
0683523086
21
050
21
0675387216
21
0673050817
21
0503856517
21
380675011970
21
0679338391
21
0679338391
21
14
0933846196
21
0676850490
20
096
20
0958759867
20
380963896312
20
0975344204
20
0955792382
20
0660580538
20
20
0505459515
20
0503805316
20
0955362663
19
067
19
0934862627
19
050
19
0674919688
19
0672447576
19
050
19
0982157917
19
0504438734
19
19
067
19
067
19
0971487114
19
0963765446
19
0503531292
18
0674624262
18
0679991433
18
050
18
0675480304
18
0965853563
18
0445921003
18
099
18
0504106888
18
0679182229
18
050
18
0970662195
18
84115
0994228300
18
0672331686
18
093
18
0505979523
2
18
0971080068
18
0995359559
17
097
17
8
17
0677777936
17
380674942787
17
0673640283
17
0933170397
17
0965275144
17
099
17
0503514096
17
067
17
0674400351
17
044
17
0958518597
17
050
17
093
17
0509575977
17
067
17
0977279648
17
0672206447
16
0673410080
16
0674668862
16
068
16
0673211219
16
0977579120
24
15
0501400224
15
15
0503105229
15
0671941718
15
0977579120
24
14
0955678180
14
0982314012
14
0508363030
14
0664378335
14
0977579120
24
14
0676918496
14
068
14
067
14
067
14
050
14
0963566888
14
097
14
050
14
13
0977579120
24
13
0677439021
13
0509530003
13
0990487983
13
13
0503877848
13
0672691778
13
067
13
066
13
097
13
0990715727
13
0967599127
13
050
13
050
13
0503129067
13
097
13
0678008166
13
097
13
0674021111
13
0634998210
13
097
13
13
0634998210
13
0977105246
13
0503079020
12
096
12
066
12
067986
12
0953357868
12
0674021111
12
0953357868
12
050
12
0967599127
12
0503400083
12
0677732540
12
0508358006
12
067
12
12
0632244888
12
0637659908
11
0675072211
11
380638120530
11
11
0667258190
11
067
11
0504653662
11
0958331363
11
050
11
0632244888
11
0964201529
11
0679114779
11
0679114779
11
11
0503879031
11
0660259140
11
0675004792
11
050
11
050
11
067
11
11
067
11
066
10
0938155098
10
0966002319
10
0685562113
10
0982314012
10
0501455500
10
099
10
099
10
050
10
10
067
10
066
10
10
067
09
0969614571
09
09
097
08
098
08
0679610301
08
80639912168
08
050
07
0992347402
07
0509147142
07
0992955587
07
6
07
096
07
066
07
093
07
099
07
0995359559
07
067
07
097
07
050
06
0671173834
06
050
06
06
0952263521
06
066
06
067
06
050
06
067
06
063
06
097
06
067
06
050
06
0672397332
06
067
06
097
06
067
06
0672179665
06
050
06
097
06
067
06
067
06
063
06
0672911617
05
0952000003
05
0688812527
05
0639978624
05
0967365455
05
0676009656
04
0661857875
04
0672207671
04
0990533792
04
0505837134
04
0506301113
04
050
04
067
04
067
04
097
04
0963488642
04
04
0971404197
04
096
04
067
03
0677491836
03
0939659696
03
0935704243
03
0679818471
03
0674067856
03
066
03
067
03
0675852748
03
0675852748
03
067
03
0979542992
03
0504446543
02
097
02
0675005567
02
0675005567
01
01
380964100220
01
0675685065
01
0677342878
01
050
01
31
050
31
095
31
050
31
0972390076
31
097
31
31
096
31
097
31
0677231102
31
0677231102
31
068
30
0503599948
30
0672391534
30
0503386505
30
0962232251
30
0976757828
30
0934099068
30
0936772377
30
063
30
066
30
409
30
0679947060
30
067
30
30
050
30
096
30
093
30
097
30
0676968656
30
097
29
29
0974505362
29
98662
29
0973362822
29
0979266824
29
29
0509658981
29
29
095
29
067
29
0677307802
29
0675074903
29
0676984301
29
0955447650
29
0506308222
29
067
29
095
29
067
29
096
29
063
29
28
067
28
0508453033
40
28
050
28
0505352547
28
0965197556
28
067
28
0934571333
28
067
28
0972532662
28
067
28
0953585849
28
098
28
067
28
0999473758
28
0999473758
28
050
28
050
28
380990387809
28
3519311
28
096
28
096
28
0964349661
27
0677115900
27
0502196886
27
0672176261
27
0631013279
27
0505755207
27
2002
0933214077
27
096
27
27
067
27
0972297124
27
093
27
095
27
0975802128
26
063
26
97
26
0964349661
26
26
0679015251
26
0674070266
26
0993072329
26
0953302610
25
067
25
0934035716
25
0677524034
25
25
0674661315
25
380966335007
25
0509174116
25
0503109430
24
0972297124
24
24
0979866404
24
0971487114
24
23
096
23
23
098
23
097
23
050
23
23
23
23
067
23
097
23
0979542992
23
0964685193
23
095
23
098
23
0672400609
22
0988511611
22
0934035716
22
0509174116
22
066
22
066
22
067
22
050
22
050
22
097
22
0674429199
21
0685074911
21
067
21
067
21
067
21
067
21
0979377507
21
0675007301
21
0972781641
21
0500588294
21
050
21
067
21
21
21
063
21
21
067
21
0978
21
61202
0633920072
21
20
0939708979
20
20
20
20
0503410149
20
0504461844
20
096
40
20
0503437706
20
068
20
067
20
0679407349
20
050
20
050
20
067
20
0509641717
20
067
20
20
097
20
20
20
067
20
097
20
050
20
067
20
0667367794
19
0672547518
19
0507635603
19
050
19
0997393347
19
18
0985704193
18
097
18
17
0939492497
17
8822
0677711552
17
0913323203
5
17
17
096
17
096
17
0957881830
17
0952875550
16
0979935868
16
16
095
16
16
16
0507635603
16
0507635603
16
0672207353
16
067
16
16
0672207353
16
094
16
067
16
0672646333
16
0672207353
16
050
16
096
16
0507300837
16
050
16
067
16
16
093
16
068
16
16
0674333111
16
0506368581
16
0975802128
16
0505573790
16
0672207353
16
067
15
0979132369
15
380971472373
15
0937268102
15
0937268102
15
066
15
0955241688
15
050
15
097
15
0675099297
15
094
15
0503589950
15
067
15
0972122708
15
0987242743
15
0675034641
15
063
15
093
15
066
14
0502300333
14
0979030572
14
093
14
050
14
097
14
0503808252
14
0677072613
14
067
14
0672646333
14
0964333525
14
0988373549
14
067
14
14
098
14
067
14
0963713112
14
0667606518
13
0673238900
13
0985961362
13
13
099
13
380503488668
13
0675388134
13
13
050
13
0950663083
13
0503121373
18
13
097
13
067
13
063
13
0677576578
13
097
13
067
13
0984420919
12
0675582223
12
11
067
11
0508558814
11
096
11
0931029321
11
0505369627
11
0507032229
11
0631439797
11
044
10
050
10
0954185229
10
097
10
067
10
067482
10
0505807571
10
0966282056
09
096
09
09
067
09
050
09
0508218980
09
050
09
0983055948
09
380985308963
09
0975802128
09
0975802128
09
097
09
0667828116
09
0931540132
09
0679973791
09
09
0950539075
09
0679973791
09
0663936966
09
0677495266
08
0675743132
08
0969175755
08
0507333730
08
0952730245
08
0979024248
08
080684
0667002068
08
0633426885
6
1
395
08
08
0688001816
08
0509901390
07
0676194583
07
07
07
0506080900
07
0507442196
07
0507442196
07
050
07
0509351396
07
096
07
0966997893
07
07
0679104021
07
050
07
0662116121
06
06
0509313321
06
0503126184
06
0665404069
06
067
06
067
06
0677187766
06
0676280860
06
0676280860
06
0662061241
06
067
06
0993443696
06
097
06
0504445183
06
0675821149
06
06
0676367877
06
0503727894
05
0953240916
05
05
0673637202
04
0660405464
04
4000618
0934560099
04
0503854444
04
067
03
0683522043
03
0934836098
03
093
03
093
03
050
03
0505345316
03
0972047903
03
0686437298
03
067
03
0960208559
03
063
03
067
03
0990226888
03
02
0958610073
02
0990095840
02
0990095840
02
0506171928
02
068
02
0973315093
02
0952833668
02
068
02
0500269113
