31
0679831035
31
098
31
0503525689
31
0951334752
31
0505742303
31
050
31
0663652150
31
0675678677
31
067
31
095
31
0677749307
31
0679851707
31
0958610073
31
0977568580
31
0674554123
31
067
31
0975754001
31
0663240446
31
0664040068
31
2008
0502516231
31
063
31
0674237889
31
0972674424
31
0979826922
30
0504810294
30
0661695717
30
0661492958
30
096
30
066
30
050
30
0677654180
30
0965062001
30
0965062001
30
066
30
0989828328
29
0631013279
29
0633289034
29
0953454943
29
29
063
28
067
28
0999155330
27
27
0677618778
27
0503848684
27
0673047722
27
067
27
0977554827
27
0677307499
27
063
27
0939023440
27
27
0979011475
26
0973839473
26
097
26
26
067
26
4651242
26
26
0969312770
26
096
26
0505779879
26
0503318517
26
0677789451
40
26
0635855322
26
26
0679934451
26
0671314260
26
0992192643
26
0677001344
26
0677747881
26
0982731901
25
067
25
0992192643
25
0504960049
25
099
25
099
25
0992192643
25
097
25
2334264
25
0507232930
25
097
25
0503349284
25
0675659053
25
0667600321
25
0679339455
25
050
25
097
25
0672479222
25
0679918855
25
0984663081
24
0980322223
24
097
24
067
24
0677455811
24
0985477776
24
0688812527
24
0955545551
24
099
24
068
24
24
0503528362
24
0975553399
24
0675023550
24
0978895037
24
0675361466
24
0982731901
24
0661745539
24
067
24
24
23
067
23
0994723319
23
0677517117
23
063
23
0967475220
23
0974859546
23
0934610215
23
0503804267
23
5693779
23
0676633309
23
0509476883
23
0952713733
22
050
22
097
22
723
0982632643
13
0662508801
13
0971144136
13
066
13
067
13
0503860000
13
066
13
067
13
0977070757
13
13
0504103050
13
096
12
0977070757
12
050
12
3319096
097
12
0503513406
12
0963633433
12
050
12
0663149238
12
12
380501003750
12
0504402995
12
0989828328
12
0911120411
12
067
12
068
12
095
11
0507469924
11
0679090100
11
0663563441
11
0509892690
11
0683522043
11
050
11
0675049412
11
0506766293
11
067
11
099
11
095
11
050
11
050
11
0931117550
10
10
0677587203
10
2391063
0952826880
10
0672091699
10
0672633625
10
0502629577
10
050
10
067
10
0671330849
0671330849
10
09
050
09
050
09
095
09
0679485021
09
0955118133
09
09
0506860687
09
0919586228
09
0674406525
09
0919586228
09
0503305146
09
0675033336
09
3802341487
08
0958271069
08
0674222303
08
08
0955545551
07
0985093836
07
07
0676614185
07
07
07
050
07
067
07
067
07
067
07
0504696208
07
380503855412
06
0675972210
06
0507685679
06
0507685679
06
067
06
0939280738
06
0972526524
06
067
06
0979542992
06
0952826313
14
06
050
06
0506695373
05
0994723319
05
0673096538
05
0502276161
05
0506489339
05
0675222244
05
050
05
0964069915
05
067
05
050
05
093
05
0977336460
05
0505776681
05
0673590302
05
0983424185
05
063
04
0501944290
73000
04
380976327269
04
0503987173
04
0508331027
04
22
0934950670
04
097
04
0679745597
04
098
04
050
04
0965014728
04
0504459992
04
04
067
04
04
067
04
0933333100
04
0506114412
04
03
067
03
0676951547
1
03
0503584096
03
0677205154
27
03
0562
03
0990274274
03
0503528294
03
0503164730
03
419
03
0503800354
03
0677521090
03
0503332457
03
0662199807
03
067
03
0674456122
02
067
02
0636467292
02
0982889780
02
0990274274
02
067
02
0677736839
02
02
0990274274
02
4906888
0951529897
02
0672636376
02
067
02
0501535388
02
0503678829
02
0504695046
02
02
0679364362
01
0507156809
01
01
0977776060
01
0971001068
01
0672342635
30
0982788418
29
0636467292
29
0964390770
29
063
28
0975671107
28
0982889780
27
27
097
27
0674417428
27
0993836788
27
0675087819
27
0501837252
27
066
27
0677917427
27
0931809056
27
0636140982
27
0967349601
27
050
27
0676916045
27
067
26
0977028660
26
26
0977675733
26
067
26
0662547166
26
0505299661
26
26
0503553066
26
050
26
050
26
1464619
0961464619
25
380976536334
25
096
25
093
25
0952824383
25
0973566151
25
093
25
063
25
4
0971642361
25
068
25
0667124937
25
0939813289
25
098
25
063
25
0672184576
25
0973566151
25
067
25
067
25
050
25
81
0509518636
25
0674023247
25
0979633149
25
0989161313
25
39278500028
25
0506729067
25
099
25
380503331779
24
0971963194
24
0501561429
24
0989161313
24
24
0953157214
23
651469
23
0954564308
23
0934121424
22
22
0632561244
22
0632464254
22
22
0963366896
22
093
22
067
22
067
22
067
22
067
22
0503833166
22
0954232082
22
0677552283
21
0970679181
21
270880
067
21
0954232082
21
063
21
067
21
0504428761
21
067
21
0507670755
20
0966764595
20
0667196321
20
0502420129
20
067
20
067
20
068
20
0673906068
20
093
19
0675972210
19
0679098566
19
0966764595
19
0966764595
19
067
19
0976494271
19
0972122708
19
0675061193
19
380974656805
19
097
19
19
0503808750
19
0953157214
19
0679432643
19
87840
0952024862
18
097
18
0973804269
18
0668242155
18
098
18
0675280333
18
18
0996030412
18
18
0913024433
18
050
18
095
18
17
0677971796
17
0665719166
17
097
17
0667126013
17
0961250435
17
097
17
17
068
16
0979195103
16
0506337412
15
0507670755
15
050
15
15
15
0992876370
15
0953157214
15
353433
615459
15
0677553344
15
0667660161
14
0662207941
14
0674460852
14
0675208008
14
093
14
0679390995
14
050
14
050
14
0675017134
14
0976848729
14
0506084198
14
0504696683
14
0503987173
14
0503987173
14
0672669954
14
0503987173
14
14
0979372856
14
0979372856
14
0973193892
13
0979518291
13
067
13
0935138199
13
0509772585
13
0639319974
13
0935138199
13
0939013332
13
097
13
0973545275
13
0630444877
13
067
13
0930332226
13
0958477688
13
067
13
0503360280
12
12
2
12
0678881942
12
0677552283
12
050
12
067
12
80976092818
12
0676856837
12
0979040578
12
0988939653
12
0631283439
12
0958477688
12
099
12
066
12
0672152610
12
12
0679098566
12
0507576906
11
0931117550
11
11
0505891979
11
11
11
11
0503877878
11
0994723319
11
0504317796
11
0663994868
11
0638290917
11
0988939653
11
066
11
0676916384
11
093
11
095
11
097
11
067
11
0979540956
11
0971505520
11
0503360280
10
093
10
0982233846
09
0963670604
09
0955774128
09
0636615764
20
09
0675017134
09
0957155923
08
0987503425
08
0503303739
08
0979198972
08
0979198972
08
0666034558
08
0504116300
08
0988514051
08
08
050
08
0988820346
08
0673120022
08
0674001112
08
0957586362
08
08
0965814347
08
097
08
0679063227
07
093
07
0667021123
07
0963366311
07
07
067
07
0952049339
07
050
07
0635856614
07
0936490635
07
0973710561
07
066
07
07
066
07
0913571080
07
07
067
07
0503471640
07
0675720541
07
0505058120
07
0506469142
07
07
050
07
0503822731
07
066
06
066
06
80675977094
0675977094
06
8
06
06
0972789237
06
0952470199
06
06784006032
06
0639575596
06
09719339778
06
06
093
06
0956092976
06
06
0936772377
06
067
06
0972098091
06
0939196127
22100
06
0672388300
06
0972792203
06
0973983814
05
097
05
0979532674
05
0675076286
05
0967359384
05
095
05
05
0679098566
05
097
05
0982027575
05
0504442863
05
0503203652
05
0679050402
05
0674027070
05
0952625606
05
0506666959
05
0660318263
04
0972789237
04
0678104746
04
0674023247
04
067
04
067
04
0503736319
04
097
03
0675771545
03
098
03
0983749794
03
0505487776
02
0509738050
01
0505353011
01
095
01
0672782154
01
098
01
097
01
01
0934144417
01
063
01
067
01
050
31
0688005158
31
0674095383
31
0962326146
31
0953980164
31
095
31
0985987744
31
097
31
31
0667154164
31
0672441967
31
0984340167
31
050
31
0665716779
31
0974935771
31
0958989688
31
0678426226
30
80976092818
30
0677255114
30
0677255114
30
063
30
0676732411
30
0635671726
30
0971972977
30
0504426540
30
067
30
0679080556
30
0962987195
30
30
0632456360
30
067
30
0506986121
30
0503865818
30
099
30
0503848454
30
097
30
066
30
0503130160
29
050
29
0665203245
29
0664451007
29
0674042617
29
063
29
0664451007
29
380679612288
29
067
29
067
29
067
29
0661024601
29
0663240986
29
0503326740
29
380669454243
29
067
29
097
28
0993703694
28
050
28
28
380504196641
28
0505975433
28
0665662221
28
0975664641
28
28
0664822032
28
097
28
28
067
28
096
28
0505316578
28
0931671405
28
050
28
0679687868
28
097
28
097
27
0502125488
27
0639593534
26
26
0679965271
26
0979619276
26
0964187330
25
0974549484
25
050
25
0939555040
25
25
0997745950
25
096
25
0939555040
25
0933736111
25
0939555040
25
0671650991
25
0505253232
25
0501817575
25
067
25
050
25
067
25
0969267103
24
067
24
0672701703
24
050
24
24
0935688792
24
0935688792
24
0674065700
24
0679600786
24
097
24
066
24
095
24
0671397345
24
050
24
067
24
0678709025
24
0509132391
23
0990086098
23
095
23
0503725035
23
0503341322
23
0503130160
23
067
23
0956792256
23
0672331540
23
80674792127
23
80674792127
23
0671811991
23
0969282945
23
0674023247
23
380674018174
23
0672937301
23
0634747088
23
23
0681182900
23
050
23
0677600656
23
0679407349
23
0988409543
23
0979837489
23
0936774776
23
0503525274
23
0503843883
23
0508674093
23
067
23
066
22
0979667685
22
0504770201
22
0504770201
22
0963748622
22
0671193309
22
0673292896
22
22
067
22
0932373526
22
050
22
22
0503751049
22
0674430600
21
0635881097
21
050
21
0672321457
21
0937763333
21
0964400740
21
0685975454
21
050
21
0675670253
21
0642453053
21
21
0501871610
21
050
21
0674229579
21
0674229579
21
0994853971
21
0956106022
21
0506935913
21
0965175090
21
0954564308
21
0985746946
21
097
20
0676653009
20
20
067
20
20
0677055835
20
19
0973939250
19
0506932737
19
18
0964400740
18
0504159849
18
18
050
18
18
0505611435
18
0984866366
18
097
18
18
0509077172
18
0677800755
18
050
18
0501455453
18
89095050153
17
0675806636
17
0504970809
17
0506625398
17
0506625398
17
050
17
050
17
097
17
098
17
0937047959
17
0664061446
17
5301877
067
17
050
17
0634196121
17
067
17
0972340021
17
0686437298
17
0686437298
17
067
17
8883190
0934872319
17
0679527252
17
0678105617
17
0679891697
17
0951217609
17
0664188722
17
17
0999763701
17
0672490828
17
0674385365
17
095
16
0953631376
16
0958872041
16
0953631376
16
050
16
0504471447
16
0501999066
16
0502166251
16
2009
0503969466
16
380504400059
16
093
16
0679891697
16
16
067
16
16
0506937345
15
0667983119
15
096
15
15
0503130160
15
0677260079
15
0969807471
15
0660532116
15
050
15
15
067
15
097
15
8
15
067
15
0674080373
15
0962702671
15
0962702671
14
0633963406
14
0663908669
14
0503367140
14
14
14
066
14
14
050
14
0676253890
14
0502611373
14
14
0501753497
14
0660532116
14
0634832623
14
0679447583
14
066
14
063
14
0935774958
14
096
14
0679818601
14
050
14
11
0997745950
14
380679254474
14
0677495266
13
050
12
2462129
12
380673876049
12
12
0967994512
11
0673928909
11
067
11
097
11
0997745950
11
0997745950
11
0957379876
11
0911140094
11
0678489455
10
0992965895
10
0503804621
10
0989097746
10
10
0958017576
10
0507301842
10
066
10
0936708333
10
0967697964
10
0986480625
10
0506280307
10
0958451650
10
095
10
0973474443
10
095
09
093
09
050
09
0969807105
09
0503130160
09
067
09
0672884441
08
0508821655
85043
08
0976286480
08
067
08
0506156838
08
0978872570
08
050
08
0508111341
08
08
08
0962702671
08
050
08
0669374403
08
0672096659
08
0979619276
07
0678644334
07
07
0674658474
07
096
07
0975756797
07
067
07
0679050402
07
0978241939
07
098
07
0503878150
07
07
0935962102
07
0675843721
07
0509890484
07
0938720743
07
067
06
0979431800
06
380503588300
06
0503849338
06
0969777322
05
0679402219
05
0993032102
99038
05
0509910779
05
0954024334
05
0503302391
05
0997239863
05
0976035151
05
0972902341
04
56748684976954768547698576858998
04
0673484389
04
0638468238
04
0672963088
04
0503832374
04
0934098162
04
050
04
0509802583
04
5151717
099
04
0939279263
04
0503552446
04
03
0675075732
03
0677770608
03
0988742107
03
067
03
0679336347
03
0953215586
94518
03
03
067
03
0505494820
03
0505486808
03
0974670923
03
0681942352
03
099
03
03
0632973093
03
0667998423
03
0502489555
03
0987006543
03
0503235370
03
0677800499
03
067
03
063
03
050
02
1
0676318998
02
050
02
0954630554
02
56748684976954768547698576858998
01
0934294587
01
0681942352
01
0931252047
01
0975664641
01
01
096
01
0935867512
01
725260
0507252604
01
0975664641
30
0972552638
29
0505768144
29
0504528668
29
4
0996847703
29
0997375561
29
0673484389
28
067
28
380950711381
28
0982239572
28
28
28
0673047722
28
0507092722
28
28
0503517898
27
380673808614
27
380995419214
27
0503248601
27
0675448930
27
0977100097
27
0505587822
27
067
27
27
097
27
0682192002
27
067
27
27
0664119573
27
063
27
0677702330
27
0504050075
27
067
27
0688509257
27
27
0504050075
27
0958729642
27
050351829
27
050
26
0975865240
26
0962209406
26
0503514096
26
093
26
0632711261
26
096
26
050
26
0978531819
26
050
26
0674018293
26
0503246460
26
0636151309
26
097510
26
0636151309
26
26
0675482090
26
050
26
26
0660607034
26
097
25
0506232317
25
063
25
063
25
8067
25
097
25
096
25
096
25
0663523950
25
067
25
0504196710
25
095
25
0502646300
25
0677539526
25
067
25
0672690106
25
0672403828
25
0997306092
25
066
25
097
25
0674402741
25
5960022
067
24
24
067
24
0677587096
24
0674016243
24
0978888120
24
0673719811
24
0956792256
24
0509768551
230
24
0678017070
24
0503324381
24
0979081782
24
0688509257
24
098
24
0503129727
24
0995359559
24
0992749509
98600
24
050
23
067
23
093
23
0977077223
23
067
23
0503308334
23
067
23
24
0934881278
23
0957179065
23
067
23
0672455052
23
050
23
0504148286
23
0990501413
23
23
0503872778
23
0989923872
23
0674469951
23
0509097904
22
0669586810
22
097
22
0955969985
22
22
0664319429
22
050
22
0669770272
21
067
21
063
21
21
063
21
0931117550
21
21
0676231609
21
0962702671
20
0969093555
20
0672961328
20
0969093555
20
0677787264
20
0677702330
20
063
20
0674493028
20
0979650134
20
096
20
2123409
30183
20
0679336347
20
0688509257
20
050
20
0667281999
20
0506228914
20
20
20
096
19
0679306176
19
19
050
19
0973534322
19
19
0503831313
19
0504647911
19
0937687970
19
0504441631
19
0500136626
19
0667559439
19
097
19
0979175095
19
096
19
0672300570
19
097
19
066
19
096
19
0502797370
19
0509030808
19
0975209256
18
066
18
050
18
0964279475
18
0934801731
18
0995221133
18
098
18
067
18
18
066
18
0672557719
18
0631004307
18
0674024742
18
0976828873
18
067
18
097
18
0676370609
17
0964485151
17
17
0503522175
17
067
17
0977559755
17
0674667259
17
0979247885
17
0979533558
17
050
17
17
17
067
17
093
17
097
17
0675013912
17
0932722793
17
0979142348
16
066
16
0934801731
16
0976792491
15
0503585141
15
0672463777
14
067
14
0668243203
13
067
13
050
13
0632222313
13
13
0979447885
13
8
13
067
13
0971404197
13
067
12
0667705859
12
066
12
066
12
0974742871
12
12
0677650725
12
093
12
0662664044
12
12
098
12
067
12
12
050
12
097
12
050
12
0509867672
12
0956643938
11
0504439028
11
0503844658
11
0509757477
11
0930179235
11
11
0504478118
11
0502506033
11
11
0962381436
11
0503289202
11
11
11
0631384347
11
050
11
4
0971642361
11
0673913752
10
0677569664
10
0677569664
10
0677787264
10
0933648051
10
095
10
093
10
0503556847
10
067
10
063
10
0501635588
10
0672807760
10
067
10
050
10
093
10
0672809518
10
380637123233
10
066
10
066
10
067
10
098
10
10
0672774777
9
10
0501586671
10
0501635588
10
0978615115
09
095
09
050
09
09
09
067
09
0505829892
09
0509108831
09
0673936357
09
0935360161
09
067
09
050
09
050
09
0952833541
09
095
08
0504759604
08
0503804080
08
0663400888
08
0991115040
08
050
08
08
0634775468
08
0977700263
08
0937445041
08
0672858109
08
0954024334
07
067
07
0505829892
07
07
0679336251
07
7
0956179844
07
0972334161
07
0962638551
07
0509660306
06
06
0502053367
06
06
0674664143
06
0964006222
06
0957379876
06
0631826152
06
067
06
0504442494
06
0662398460
06
096
06
0503833056
06
0632232971
06
0971195120
06
0968219371
05
0673495440
05
1
0935118959
05
0503539677
05
0932988806
05
0507078595
05
0675038745
05
05
05
0672301988
05
066
05
097
05
0509407288
05
0677672725
05
0934104023
05
0980036909
05
050
05
0995359559
05
0995359559
05
0953257853
04
0503813451
04
0501606749
04
0503624610
04
067
04
0970630308
04
050
04
050
04
04
050
04
0937024001
04
067
04
063
04
0979836922
04
0979836922
04
0938855522
04
0991409233
04
0632174263
04
050
04
097
04
06628003340
04
096
04
0504427096
04
0975515555
04
03
050
03
380667628393
16
03
0975175288
03
0503826999
03
03
03
03
03
0660183539
03
03
0662808025
03
0958278706
03
0954692346
03
0989878727
03
0979897956
03
067
03
0633223501
03
0677275986
02
0667243424
02
0977963062
02
0661701773
02
0963638717
02
0508419090
02
093
02
050
02
281081
0955706432
02
067
02
0506123072
02
0979619822
02
066
02
02
0932114927
02
0679390995
02
0932114927
02
0975868763
02
0977075789
02
0503879716
02
0677993418
02
0683400245
02
050
02
0504576033
02
098
02
0634284332
02
0677813121
02
0975305666
02
02
0673217092
01
096
01
0501003750
01
89216406399
01
093
01
0962699075
31
0506766293
31
05171819
31
0667557720
31
0953003139
31
05171819
31
0976828873
31
0504416861
31
0679994546
31
380672201354
31
380668173690
31
380668173690
31
0983999889
30
0939214099
30
0501003750
30
30
095
30
066
30
097
30
0507405322
30
0677668890
30
0674052405
30
30
0506253470
30
0661701773
30
0974009890
30
0976778443
30
067
30
0503801502
30
0979160166
29
0505186463
29
0976952050
29
0679287016
29
0509175146
29
050
29
067
29
0938556508
28
097
28
22
28
067
28
0660003009
28
067
28
063
28
28
050
28
0632568123
28
050
28
068
28
0509801733
28
0505437737
28
28
0676385496
28
097
28
28
0509507649
28
0930785532
28
28
067
28
0991722954
27
0995357373
27
27
0677507051
27
0663062817
27
27
0965834148
27
0503893762
27
0675400600
27
0669534784
27
0501354180
27
27
0967475220
27
093
27
095
27
0633904799
27
095
27
0672097820
27
27
0962483656
26
26
0675966633
26
0957735344
26
0951529897
26
0979646988
26
050
26
26
0962488912
26
26
0632608644
26
0667677544
26
26
067
26
26
0632360245
25
0675072053
25
0677003831
25
0938556508
25
380675982433
24
0507470608
24
24
0227
0672205871
24
0631384347
24
0992390805
24
0664961068
24
0962299697
23
0634787625
23
380674411291
23
0505336656
23
0935921780
23
050
23
23
050
23
067
23
096
23
067
23
0672436505
23
0672358969
22
067
22
0632491091
22
0980933032
22
098
22
22
0950682687
22
0679283023
22
067
22
0675046520
22
095
22
0956935593
22
0937752792
22
0985792255
21
0678509767
21
0678509767
21
06338225168
21
0953008361
21
095
21
0503119522
21
067
09
21
0997222426
21
097
21
0961391998
21
050445
21
063
21
0972537138
21
0973124912
21
0990718386
20
0501970851
20
0509901390
20
20
0662153215
20
0660601761
20
0668435961
20
0955099599
20
0672640397
20
050
20
0672927407
20
0963890038
19
88
0951028525
19
0979738528
19
067
19
0501726066
19
0993029651
19
0501508996
19
067
19
19
097
19
0502141234
19
096
19
0661156285
19
18
0983057076
18
0504335005
18
0950682687
18
0950682687
18
050
18
067
18
093
18
0665866926
18
18
0674923066
17
0990670220
17
17
0503868752
16
0959397723
16
0674923066
16
067
16
16
0507134352
16
16
0633450064
16
0661184645
16
067
16
16
0664044292
15
0937139616
15
096
15
050
15
15
0503578087
15
0973094715
15
0975640431
15
0504473741
15
8
15
0993723984
15
8
15
15
15
0972103295
15
0996500049
15
0683622033
15
097
15
0672454736
15
0990718386
15
097
15
0992713033
15
050
15
2296978
15
15
0506724252
15
0672401649
15
067
15
0504289045
15
0667493135
14
14
0674445219
14
0504289045
14
068
14
068
14
0679797853
14
0509809898
14
095
14
097
14
0507696312
14
067
14
0509809898
14
067
14
0968006688
14
0675221094
14
0951829997
14
0977670110
14
0506203231
14
0633566974
14
0633566974
14
050
13
0675004792
13
697793
066
13
0950682687
13
0950682687
13
0675077485
13
0975198775
13
0667049498
13
099
13
097
13
050
13
0982380363
13
34626
847323
13
0503107893
13
13
0504979484
13
097
13
097
13
097
13
380635886134
13
13
097
13
067242996
13
0956991057
12
0506203231
12
0674873256
12
0672302507
12
12
0992756807
2
12
067
12
098089862
12
0504442755
12
0637850497
12
0969367851
12
067
12
067
12
12
0674417428
12
050
12
050
12
067
12
0503844421
12
12
0672564351
12
11
0979263506
11
0973907322
11
10
0504449894
10
10
0999340059
10
0673874176
10
0988379983
09
0667062011
09
4111220
09
066
09
0675091499
09
097
08
0970473025
08
0975078847
08
0982155544
08
08
0509938649
08
0979155511
08
16
30183
08
0506537842
08
0508094899
08
0503517515
08
0678807360
08
0952451581
07
0672423212
07
07
0954911286
07
0632973093
07
050
07
0669956393
07
07
067
07
07
07
067
07
067
07
0995359559
07
0935704243
07
0673916858
07
07
097
07
067
07
067
06
067
06
1
0633090818
06
0509175146
06
0977920142
06
093
06
050
06
093
06
06
06
0672169959
06
067
06
0632275776
06
0504774307
06
0675034641
06
0995557372
06
067
06
0667059094
06
0671681983
06
067
06
0504199955
06
06
0672912881
06
0663772241
06
06
06
063
06
06
0675026726
06
0674011643
06
0676303985
06
0503802099
06
0505780029
06
0971231546
06
0676844436
06
050
06
06
0667672394
06
050
06
0677140048
06
093
06
067
06
067
06
063
06
098
06
098
06
0961562348
06
0667672394
06
0394910265
06
0503853044
06
0672090182
06
05
0938556508
05
0936338844
05
0501951903
05
0672329619
05
0937717260
05
067
05
050
05
0675935131
05
0667996498
05
067
05
0979712763
05
095
05
096
05
0
05
0660877222
05
0979293340
05
067
05
067
05
067
05
067
05
067
05
066
05
0674460852
05
05
0443319755
05
0509294655
05
0675473135
05
067
05
08509135976
05
0681975156
05
091
05
3213069
05
068
05
0674015561
05
0983917045
05
04
5
04
04
04
0971862384
04
050
04
050
04
0938257803
04
0677826535
04
0503557698
04
0975949922
04
03
098
03
0958294420
03
0506442652
03
03
0672179192
03
0989695466
03
0504101399
03
380667951121
03
0671620128
03
03
0663745008
03
0972160619
02
02
0506415768
02
38070
02
0503557698
02
0679615928
02
0673080909
02
0673212813
02
0672653580
02
0975640431
02
0674113099
02
097
02
067
02
0674391842
02
0674391842
02
0672564351
40
02
0508244597
02
0672199350
02
0672199350
02
0973496951
02
050
02
02
0632871777
02
067
01
0688812527
01
0674061112
01
0671681983
01
0672447532
01
0673047722
01
1
0935118959
01
0509130200
01
0509642659
01
093
01
0667269979
01
0674413200
01
0677730898
01
099
01
0957580858
01
050
01
050
01
0503866596
01
0672245436
01
0673232723
01
050
01
0679038680
01
0503531422
01
0950446251
01
050
01
050
01
067
01
0509507649
01
0955704998
01
096
01
0501563839
01
0939275417
29
0979275081
29
0979275081
29
0979275081
29
066
29
050
29
0674391842
29
0682625441
29
0508028027
29
380679027333
29
0955798883
29
067
29
0981264108
29
0938188040
29
0504154320
29
0953960820
29
050
29
8447419
050
29
050
29
0939990099
29
067
29
0503877848
29
0973138387
29
0674084694
29
0501852830
29
0683577710
29
097
29
0501852830
29
0503159433
29
0503159433
29
0503159433
29
067
29
0632451863
29
0674957279
29
0672207646
29
067
29
096
29
099
28
0965552420
28
066
28
0677403408
28
067
28
063
28
0501614839
28
28
095
28
097
28
0677980398
28
0662119586
28
063
28
066
28
067
28
066
28
0663059725
28
066
28
099
28
067
28
050311670
28
0504161125
28
0672602696
28
0671631282
28
0939990099
28
0952701898
27
099
27
048794
27
0935124870
27
0505816241
27
0504628705
27
380509711835
27
067
27
067
27
0663931639
27
0509952239
10
27
0674940049
27
0506569887
27
095
27
0663931639
27
0936327201
27
0507222047
27
27
0992159690
27
093
27
067
27
0978510535
1
27
066
27
0506925725
26
26
0972110508
26
1
0667227451
26
0678511961
26
0612684534
26
063
26
0660756601
25
0953631376
25
067
25
096
25
0679321641
25
25
25
0676570597
25
2
24
0632809155
24
0503804621
24
0677427975
24
098
24
0958206744
24
0955303969
24
0979198972
24
0505419724
24
050
24
095
24
0503822300
24
24
121212121212
0935084651
24
0677941238
24
0505082203
24
0505082203
24
0677190338
24
050
23
0672809518
23
067
23
067
23
067
23
067
23
0638539304
23
067
23
0506039936
23
0935921780
23
097
23
0973626701
23
0973626701
23
067
23
067
23
0635886134
50
22
0677813121
22
093
22
0994541022
22
0994541022
22
0672157772
22
22
0684089282
22
038098375045
22
380506489339
22
0964775697
22
380967359384
22
0979184653
22
050
22
093
22
050
22
0672201249
22
0633068928
22
099
22
0933507080
22
0988120780
22
050
22
066
22
0501003750
22
095
22
067
22
0678026988
22
22
21
0679655126
21
0962808038
21
0666188147
21
21
044
21
093
21
0676096905
21
050
21
0661614675
21
21
067
21
067
21
0679210494
21
0665766316
21
0503348922
21
0503348922
21
0673800643
21
0988492662
21
067
21
0674001112
21
0503553170
21
0506203231
21
066
21
067
21
0673062025
21
0503309001
21
0503309001
21
0984437477
21
0674446382
21
095
21
21
095
20
050
20
0986475537
20
097
20
0675019427
20
0675156036
20
0660659398
20
063
20
0676136390
20
0968587751
20
0501003750
20
050
20
0936728827
20
0505102777
20
0979105328
20
0979375387
20
20
097
20
0968518319
20
0503181340
20
097
20
380675091393
20
0505364396
20
097
20
0964686670
20
0964686670
20
20
097
20
0677666170
20
19
0674017205
19
380
0669935636
19
380506998557
19
067
19
0503468693
19
050
18
0502474846
18
0965016915
18
0684056533
18
0636993806
18
0633223501
18
0992077334
17
0632275776
17
0677281249
17
096
17
0958597883
17
067
17
095
17
0674042522
17
0967722628
17
17
17
0987998929
17
099
17
0674540287
17
17
17
0632829028
17
0672200557
17
097
17
0935208698
17
0930122525
17
0661541392
17
063
17
067
17
0972066009
16
0677400412
16
0987996023
16
050
16
067
16
067
16
099
16
067
16
0985197047
16
067
16
050
16
096
16
0677683268
16
0631660298
16
0979707417
16
16
0508604319
16
0630782777
16
0504433639
16
16
16
0501616719
16
0979260409
16
097
15
0674018061
15
0931474586
15
0503129986
15
15
0503416043
15
0505394513
15
0503416043
15
0954557089
15
15
0507222047
15
0970234406
15
0503307851
15
067
15
095
14
0664441044
14
0677746255
14
0503530031
14
380969547021
14
0952800275
14
0973560223
14
0678262361
14
21
097
14
067
14
0939390409
14
0673216378
14
097
14
067
14
0982227543
14
0506877141
14
0939279263
14
0930336397
14
0991117905
13
067
13
0667222561
13
050
13
067
13
0995359559
13
050
13
0663801312
13
067
13
067
13
067
13
0672099974
13
13
8
13
233
13
13
0988222538
13
2455616
13
0503388361
13
0995359559
12
0664182337
12
0504882011
50017
12
12
0664182337
12
380504444441
1
12
12
097
12
0664442498
12
0677746255
11
10
0662610927
10
067
10
0506349492
10
0508236106
10
0937608392
10
380681238343
10
51200
10
0934670336
10
0993703694
10
067
10
067
10
0956476115
10
067
09
0662610927
09
0995449688
09
0674437399
09
2762177
09
0505442652
09
0675258171
09
0676886571
09
09
067
09
0935463026
09
067
09
0986881782
09
0956476115
09
09
0979147615
09
097
09
0676886571
09
5484150
09
0674446382
09
050
08
0504625551
08
067
08
0668399235
08
08
0501024289
08
0952740685
08
0938837272
08
0679689405
08
0505975044
08
0933231819
08
0507504750
08
067
08
097
08
067
08
0935643026
08
0974304951
08
08
0673277738
08
0979390999
08
380503842787
08
380503842787
08
0500714571
08
0964514454
08
097
07
9000112
0971110000
07
0503823031
07
0507199332
07
0501788514
07
0505305282
07
093
07
067
07
0979972005
07
0503867091
07
07
0675091101
07
067
07
0675077330
07
07
0995359559
07
067
06
0984580587
06
0973393719
06
0996030412
06
0503600574
06
097
06
050
06
0508725000
06
050
06
0677339564
06
0677339564
06
9000112
0971110000
06
096
06
0679185549
06
06
0683224777
06
0979061029
03
0664511828
05
0672547519
05
05
050
05
0505059432
05
0662042056
04
0679131736
04
04
0503444922
04
0503723080
04
0973022208
04
0676376800
04
050
04
0506173635
04
0950262086
04
093
03
0669408673
03
03
0633939116
03
0676981248
03
0508201107
03
067
03
067
03
0673800532
03
0956476115
03
03
03
050
03
02
0979083168
02
0982361539
02
02
050
02
050
02
066
02
067
02
067
02
0971774411
02
0971774411
02
0973534916
02
0967475220
02
0672476642
02
0672343692
02
093
02
380506489339
02
0930282501
02
0933538055
02
0933538055
02
0671303727
02
02
0669663423
02
068
02
0687116196
01
0950374403
01
0688096408
01
0677772994
01
0997055557
01
0979236909
01
0503875626
01
0667062011
01
095
01
050
01
0678319159
01
80669869378
01
80669869378
01
0667062011
01
0504154320
01
80669869378
01
272605
0978205974
01
067
01
0939161951
01
0503949128
01
067
01
067
01
0673225540
01
01
066
01
01
0504485355
31
0675113004
31
05036
31
050
31
0504711343
31
0502646300
31
0964350974
31
0677084336
31
0505305282
31
0677224404
31
0939161951
31
0995359559
31
0660827781
31
0995359559
31
0938163175
31
0505588505
0667230631
31
0939021651
31
067
31
067
31
099
31
0506748755
31
31
0506748755
31
0506748755
31
0506748755
31
067
31
050
31
093
31
067
31
097
31
050
31
380674490157
31
0503531641
31
098
31
096
31
8
30
0674546344
30
0958597883
30
0503842246
30
380674018174
30
093
30
0678982906
30
067
30
095
30
0503781018
30
0963501433
30
0977225322
30
0933150023
30
0939366484
30
0503111664
30
0962090303
30
0676570597
30
0503823637
30
066
30
095
30
068
30
0679093082
30
80979616610
1
30
0665097978
30
0953952990
30
380987225959
30
215589
0990272007
29
29
0679398001
29
0674015075
29
067
29
0500247659
28
0635961026
28
0979260409
4966020
28
0962699075
28
066
28
0979198972
28
0631984633
28
0956679835
28
0937621167
28
0962808038
27
0668449942
27
0672301988
27
0979198972
27
380675058483
27
0984550070
27
050
27
095
27
067
27
098
27
0503127398
27
0978057449
27
27
0672301988
26
0683516822
26
26
0985325431
26
37
26
098
2315
29
26
0509286486
26
0503307180
26
068
26
096
26
0676646289
26
0503159433
26
067
26
0672334785
26
050
26
097
26
0679336096
26
0637307166
26
4
0971642361
26
0951915388
26
0505975044
26
067
26
050
25
25
0975225887
25
0672311118
25
25
0506847837
25
0678482773
25
050
25
097
25
0673210946
25
0673108612
25
0677894522
25
0504648083
25
093
25
0505506269
25
067
25
0502303192
25
0979310888
25
0953011219
24
097
24
0673831451
24
0508091692
24
050
24
067
24
0679742758
24
0674027070
24
063
24
0672360448
24
0503840968
24
0681189010
24
050
23
0504786128
23
0505780865
23
0997456595
23
0679922909
23
067
23
06975559204
23
067
23
097
23
067
23
23
23
34
5
7
23
0681929219
23
0934288848
23
0934595447
23
0662635864
22
067
22
068
22
0677379095
22
068
22
0507584658
2
22
0954616850
22
0969364026
22
0675316768
21
0678107353
21
27808
21
0951792466
21
067
21
0672353704
21
0503519645
20
063
20
38
20
0974902448
20
066
20
20
20
093
20
0973400363
20
0674882243
20
0958335511
20
0958202402
20
0962223332
20
097
20
0509405871
20
0679468820
20
067
19
0964858125
19
19
0503947275
19
0976053553
19
3535258
19
0674075417
19
19
095
19
067
19
19
0669581502
19
0980221125
19
0979230002
19
19
050
19
050
19
0952738595
19
0950101012
18
18
18
050
18
0962223209
18
0503528505
18
0992208582
18
099
17
0675307764
17
0964585747
17
097
17
0672717175
17
067
17
0672717175
17
0672717175
17
0674063616
17
0674063616
17
0674063616
17
0678639118
17
050
17
0661551597
17
0977370809
17
0509584797
17
0979198972
17
050
16
067
16
0666666446
16
067
16
0979739561
16
0979739561
16
068
16
0502930624
16
050
16
0503819591
16
097
16
0634389413
16
067
16
0502174908
15
050
15
3096088
15
0665181573
15
0679204290
15
0674123932
15
0668127839
14
067
14
0677666170
14
0977043690
14
0974983890
14
066
14
0672200450
14
0688628330
14
321147
0635626071
14
067
14
321147
0635626071
14
067
13
0975209256
13
0671223131
13
0509347788
13
0682682823
13
0505839723
13
093
13
063
13
0664467009
13
0963460413
13
096
12
067
12
12
0962455503
12
050
12
3096088
12
12
0675928612
12
0503388243
12
0977099182
12
12
050
12
0672442637
11
067
11
0672422752
11
0504129279
11
067
11
0503830437
11
0979446849
11
0675925103
11
11
0661551597
11
0503866141
11
050
11
097
11
0675057264
11
063
11
0951361255
11
067
11
0505004882
11
0509631024
11
0504321302
11
0503880848
11
11
0974415069
10
093
10
0974212860
10
0994807751
10
0972349073
10
0674093667
10
067
10
10
0675639488
10
0632745038
10
050
10
067
10
10
0672982223
10
063
10
0674528893
10
067
10
067
10
067
10
067
10
067
09
0672664422
09
0976759185
09
0672360441
09
0990383013
09
098
09
0984254407
09
0990293439
09
0990208219
09
0634945327
09
0990208219
09
050
09
096
09
0675393177
09
050
08
0936044015
08
0939055225
08
0679398001
08
0674027070
08
0962455503
07
0674050458
07
067
07
0668555132
07
050
2
07
0964649502
06
0962374242
06
0635882209
06
0667137597
06
0505867598
06
0664538604
06
0984283188
05
0664016590
05
380505697060
05
0958469498
05
0661061893
05
0506130203
05
095
05
0961562348
05
097
05
0672803339
05
093
05
050
05
0502998081
05
063
05
0637091122
05
050
05
0509168864
05
0971192273
05
0975470577
05
098
05
0677187766
05
097
04
380963916663
04
04
0952749977
04
0504139244
04
0675487482
04
0681312172
04
0676886571
04
0676886571
04
0990208219
04
0503583840
04
0672649345
04
0674510015
04
0503310069
04
04
0679429976
04
0679426391
04
0661918496
04
0675021170
04
0674452562
04
067
04
0672884425
04
0975543584
04
0984756536
04
050
04
0683460999
03
099
41400
03
050
4
03
050
03
0672252915
03
0999209387
03
050
03
03
0671797217
03
050
03
063
03
0503947275
03
03
0504697949
03
272605
0978205974
03
067
03
03
0661000023
02
050
02
0938432774
02
3096088
02
02
0503947275
02
050
02
0503342021
02
0505816241
02
0505816241
01
050
31
0506130203
31
0504110253
31
067
31
0672345789
31
0977558855
31
0993252779
31
30
0675390462
30
30
0504145841
30
0634739520
30
0975970736
30
0503535567
30
0674396011
30
0672349115
0672349115
30
0674231137
30
0997974059
30
30
0975970736
30
0681264022
30
067
30
0683587883
30
0979194328
30
0979530847
30
30
050
30
30
0975557758
30
0663573090
30
0991458949
30
0675939078
30
0636166929
30
30
098
30
0974910959
30
067
30
066
29
0503116781
29
0679669580
29
0677746255
29
0957788693
29
067
29
096
29
0954033573
29
0633210201
29
1994
0508896396
29
0502357458
29
0968127777
29
050
83004
29
29
067
29
050
29
380639377580
29
29
050
29
29
0978277576
29
29
0978277576
29
0676987422
29
0933862132
29
0639639546
29
067
29
067
29
0967705246
29
0962699075
29
29
067
29
050
29
0677819795
29
29
095
29
0674095662
29
0935704243
29
067
29
068
29
1525515
066
29
0504686919
29
063
29
067
29
0958315978
29
29
0634896703
29
098
29
050
29
0509015001
29
0673556637
29
380506489339
29
0677642338
29
29
099
29
0993808312
29
0674966648
29
067
29
0503108357
29
0962488912
29
29
050
29
0979446849
29
067
29
063
29
0973049083
29
0675364973
29
050
29
0976887667
29
0672363747
29
10
0955316340
29
10
0955316340
29
0675019330
29
0675019330
29
59
29
0675019330
29
098
29
097
29
0973399567
29
0971082259
29
067
29
29
0633566974
28
0933775969
28
28
0983454805
28
28
0979310888
28
0675113115
28
050
28
0979274206
28
0685384060
28
28
0662414181
28
0679669580
28
0664279166
28
0679669580
28
28
0506415768
28
28
28
80965113736
28
0660364930
28
0676708488
28
0964858125
28
0505725172
28
0952730660
28
095
28
0976300264
28
0971196811
28
067
28
28
0679569927
28
0503513350
28
0676246243
28
0672236284
28
0503516441
28
067
28
067
28
067
28
0997530903
28
0673211896
28
067
28
067
28
0974415069
28
067
28
28
0974415069
28
0979230002
28
0507576906
28
2005
050
28
28
0504132588
28
067
28
095
28
067
28
063
28
28
0503578880
28
067
28
097
28
066
1
28
066
28
28
096
28
097
28
097
28
0973190682
28
28
067
28
066
28
0631171092
28
050
28
4
0975147981
28
0958028778
28
050
28
050
28
066
28
067
28
0968096018
28
4
0975147981
28
050
28
050
28
0973333552
28
0503051947
28
0972395894
28
0979310888
28
0503323260
28
067
28
097
28
067
28
0966843456
28
380667206963
28
0503214027
28
0669819394
28
093
27
095
27
0672203441
27
093
27
0672090182
27
050
27
0506778988
27
0979332240
27
067
27
098
27
0995615381
27
0676571632
27
050
27
27
050
27
27
0665402225
27
063
27
0632553709
27
0672804616
27
0968096018
27
0662879292
27
27
27
067
27
096
27
0636464161
27
068
27
0632534611
27
093
27
27
0503119772
27
0503119772
27
0672804616
27
0509251916
27
0964967400
27
27
0964465464
27
096
27
097
27
0
27
0503579681
27
050
27
097
27
050
27
050
27
0503808016
27
0505253232
27
0672240174
27
0687077081
27
050
27
099
27
0662204785
27
050
27
050
27
067
27
067
27
050
27
095
27
067
27
0675753616
27
0992330888
27
0507729096
27
0936462920
27
0936462920
27
050
27
27
2
0983918058
27
0503126874
27
096
234
27
067
27
096
27
0679100600
27
27
27
044
27
27
0677501409
27
0504102426
27
0503556783
27
050
27
0684430110
27
0674018174
27
096
27
0958062825
27
0509127382
27
0503300555
27
0672967653
27
0985389565
27
0504400740
1
27
0503100861
27
050
27
0662204785
27
27
0504481042
27
0507334580
27
097
27
0671314107
27
0506699696
27
27
097
27
509479546
27
0686139664
27
27
27
27
0502092259
27
050
27
0666266670
27
067
27
0666844312
27
093
27
0964560031
27
0507469924
27
0964560031
27
068
26
26
0996494898
26
050
26
0961562348
26
0956297897
26
067
26
0972979499
26
093
26
0501344751
26
067
26
0500573024
64604
26
0681157990
26
0503576511
26
0660371800
26
095
26
066
26
050
26
26
0632359366
26
0934096316
26
0676586469
26
0685386966
26
099
26
067
26
067
26
0675470169
26
0504420783
26
096
26
050
26
80937088879
26
0503112482
26
0977957714
26
050
03151
26
050
26
063
26
0505363943
26
0672206875
26
0968260505
26
0505430076
26
4
26
095
26
80673883282
0672582368
26
0672582368
26
0502307351
26
097
26
097
26
0935811944
26
26
592
26
050
26
097
26
067
26
096
26
0502541892
26
26
258456
067
26
258456
067
26
26
26
9000112
0971110000
26
0961598110
26
0675084353
26
099
26
0503582867
26
066
26
0996631160
17
26
096
26
067
26
0973777770
26
0677002656
26
0994445535
26
0671598171
26
0504136636
26
050
26
067
26
067
26
0669123139
26
0679314609
26
0674467887
26
0973399567
26
096
26
26
0974740801
26
0675935131
26
0675935131
26
26
067
26
181105
050
26
0970242510
26
067
26
0675258181
26
0978014117
26
0976839321
26
067
26
0679314609
26
0961598110
26
050
26
067
26
0961598110
26
0969390000
26
0675084353
26
0503877848
26
26
098
26
0990396407
26
0503034204
26
0667766720
26
063
26
097
26
066
26
0679204290
26
0505011329
26
0936981900
26
0979447543
26
096
26
067
25
066
25
0934096316
25
25
0934096316
25
25
050
25
0979412413
25
0962488912
25
0962488912
25
067
3
25
097
25
3096088
25
2206680
0672206680
25
25
0997375561
25
1983
098
25
0970445188
25
067
25
0973022208
25
050
25
282008
0675687738
25
0979739561
25
095
26
25
095
1
25
0672325808
25
099
25
066
25
25
0677139417
25
25
050
25
89203655251
25
0506228914
25
0633114153
25
0677522838
25
0677522838
25
0988567725
25
098
25
0503843883
25
099037680
25
25
099037680
25
067
25
099
25
0681719050
25
0982537031
25
0509865164
25
0509865164
25
0505011329
25
097
25
0974785026
25
0678881942
24
0678881942
24
0673222255
24
0679750431
24
24
24
24
067
24
0674478282
24
0952776430
24
0507511322
24
0662448900
24
0662448900
24
0962897020
24
0681989253
24
050
24
5673088
24
067
24
0674493028
24
0503444378
24
050
24
095
24
067
24
0999675654
24
0504688016
24
0671021917
24
067
24
0503840968
24
096
24
0509550462
24
0676335233
24
0979332240
24
0954283471
4
24
0954283471
4
24
0954283471
4
24
0954283471
4
24
0977672739
24
0954283471
4
24
0501636049
24
096
24
0979332240
24
095
24
0970415767
24
067
23
095
23
0681200314
23
096
23
099
23
0503865151
23
09630490097
23
0955121977
23
0501933307
23
0982498230
23
0681279871
23
23
0504442673
23
0982729404
23
0501551099
23
23
23
272605
0978205974
23
0673123399
23
0679448603
23
0672154011
23
050
23
098
23
063
23
23
067
23
050
23
0503273429
23
0978986413
23
0501004678
23
0973331185
23
097
23
0991545955
23
0984586495
23
0672716134
23
0672852106
23
0972160619
23
0503842773
23
050
23
0503849936
23
23
067
23
093
23
067
23
067
23
097
23
0971512615
23
067
23
0988051504
23
0679747165
23
067
23
096
23
098
23
097
23
097
23
0503305438
23
0934654821
23
068
23
4
0971642361
23
23
067
23
067
23
0979781261
23
068
23
22
380512560689
22
0933688822
22
099
22
0667062011
22
0953526775
22
0503902208
22
0995588830
22
0679232686
22
097
22
0673210698
22
0982185357
23
22
0675311551
22
22
22
0501012139
22
0674368605
22
0674368605
22
0674368605
22
0504480262
22
050
22
0673227999
22
22
050
22
097
22
096
22
096
22
0938986082
22
0502117198
22
067
22
0938986082
22
0502117198
22
063
22
0678023131
22
0674946508
22
0674008207
22
097
22
0674008207
22
0663711981888
22
0501346752
22
068
22
380979479796
22
0979464854
22
067
22
0504403002
22
0505338601
22
0975760909
22
0980022753
22
0505016022
22
0973331185
22
097
22
0501346752
22
0503778072
22
095
22
0672365070
22
0977228585
22
097
22
22
0504698582
22
0503603205
22
0667920441
22
22
0969301520
22
0990207400
22
0663602989
22
0661013141
22
22
0676336424
22
093
22
050
22
0679390995
22
0677360492
22
099
22
0974631658
22
0974631658
22
097
22
0672322672
22
097
22
0974631658
22
066
22
0958866815
22
0663711981
22
093
22
050
22
0973407920
22
050
22
093
22
067
22
050
21
098
21
067
21
0673375551
21
21
0990207400
21
0956792256
21
066
21
066
21
21
050
21
050
21
097
21
3909999
0973909999
21
0965275144
21
21
0506868572
21
21
099
21
0677406426
21
097
21
21
097
21
0990207400
21
0936015773
21
0958306022
21
098
21
0501402803
11111111111111111
21
050
21
0672195696
21
050
21
097
21
0975033293
21
380932000602
21
098
21
098
21
0972513536
21
0953659850
21
3616477
0949263477
21
067
21
0990244272
21
0638676220
21
050
21
063
21
0503516094
21
0503415451
21
0663486927
21
0970793707
21
067
21
0502504150
21
098
21
067
21
050
21
0990070893
21
095
21
097
21
067
21
050
21
050
21
0674038479
21
0677689505
21
21
0936516336
21
050
21
0683214210
21
0669468404
21
0505187971
21
095
21
0939978377
21
0671371362
21
0673280335
21
067
21
0506916020
21
066
21
0674502525
21
050
21
0976225303
21
20
0502115927
20
0504265108
20
0505538479
20
0509098654
14005
20
068
20
098
20
050310
20
098
20
20
0502228500
20
4193772
20
20
0504921064
20
8
20
067
20
0972800794
20
099
20
20
050
20
20
0972800794
20
0671349579
20
0509605429
20
20
380976584636
20
0630752403
20
0994723319
20
0972569493
20
098
20
20
0984981795
20
5
0987085822
20
093
20
0504314158
20
0662281085
20
0671636556
20
0502567449
20
0679664506
20
503326525
20
0677769969
20
0676143666
20
067
20
0966057033
20
0638391939
20
098
20
0677891281
20
0672207450
20
0509007843
20
099
20
0675097441
20
0973105049
20
095
20
20
050
20
0503530031
20
0937658177
20
0506995430
20
0679470060
20
0958261338
20
0688096408
20
0674620888
19
0500329398
19
0638590114
19
050
19
0952428916
19
0634799916
19
0634799916
19
0973377176
19
050
19
19
19
0677890974
19
097
19
0662281085
19
0667336933
19
0503319772
19
0505171099
19
0671955566
19
067
19
0503301360
19
0975225887
40
19
19
19
067
19
0504684368
19
097
6
19
067
19
093
19
093
19
063
19
093070020
19
0634964647
19
0667937973
19
0950182839
19
19
0677891281
19
0679856715
1
19
097
19
0964554392
19
050
19
0669539202
19
0673322539
19
0973125628
19
0503318206
19
096
19
0983061790
19
0997977483
19
0681245310
19
050
19
0634805262
19
067
19
093
19
0504351410
19
068
19
19
0679856715
1
19
050
19
0661225695
19
0684460769
19
096
19
067
19
0938530979
19
0509394796
19
067
18
0509417678
18
0505363943
18
0503971446
18
0503840795
18
0984435447
18
0509250552
18
0503525874
18
0504696683
18
050
18
0997456595
18
099
41400
18
0995615381
18
067
18
0677559445
18
0665181573
18
0972694188
18
0974506746
18
18
0673214984
18
066
18
80931589415
18
0953052704
18
0503072305
18
0509352496
18
0672927614
18
0938124021
18
0938124021
18
0958383417
18
0951707700
18
0937007007
18
0504423370
18
18
0509009617
18
18
067
18
0638590114
17
0
17
067
17
0635813301
17
0509973207
1
17
067
17
17
0939373626
17
0674460852
17
0633631502
17
0509785357
17
050
17
095
17
067
17
096
17
17
0933491109
17
0674027963
17
17
0509175146
17
0674075079
17
17
17
0679180034
17
0933120221
17
095
16
0962803770
16
8120651
0958121651
16
0506991507
16
0664554597
16
0992740209
16
16
0996484280
16
0630766899
16
16
0939773083
50
16
097
16
095
16
0667819708
16
0675093310
16
0977559755
16
0677406426
16
0667312560
16
0953000649
16
0993453749
16
0503801502
16
0503801502
16
0938320809
16
0999201607
16
16
0675001355
16
0503350366
16
063
16
050
16
0951856797
16
050
16
0933940900
16
22618
12
16
0675000109
16
097
16
0674067980
16
063
16
067
16
0679735623
16
0674293255
16
0992639801
16
068
16
0663886757
16
0505552454
16
067
16
095
16
093
16
0672612146
16
16
095
16
050
16
067
16
0509120402
16
0681264022
16
0505636171
16
067
16
0633807821
16
0963905665
16
0503588511
16
050
16
0506492552
16
0503574486
16
16
0506698381
16
0963334908
16
093
16
8
16
3311155
16
8
16
050
16
050
16
16
0506900508
15
15
0504423254
15
0502700343
15
15
0503969000
15
0505723193
15
0505723193
15
050
15
0663927017
15
0662639004
15
0676051505
15
0636460345
15
0965068247
15
0502913615
15
0997417492
15
0997417492
15
067
15
067
15
0504760168
15
066
15
0689084000
15
068
15
067
15
0956861954
15
067
15
063
15
0979327505
15
15
067
15
0974246889
15
0937489396
15
0974246889
15
0506718435
15
067
15
15
0677177032
15
0505724212
15
0506585125
15
0936728238
15
0506515752
15
0501364302
15
0673211511
15
067
15
0674877853
15
0953222919
15
050
15
0982808721
15
0674877853
15
067
15
0662093520
15
0503975715
15
0633703164
15
093
15
0952724482
15
0689084000
15
15
332
15
15
0679544512
15
099
15
0501499323
3
15
0672951331
15
0972726950
15
067
15
0999201607
15
0505374920
15
067
15
0505374920
15
0674738705
15
050
15
067
15
050
15
0504116300
15
0443614085
15
0661366087
15
067
15
097
15
0634359393
15
380503579045
15
099
15
095
15
0974910959
15
093
15
0953668888
15
0675471288
15
0969653653
15
067
15
097
15
0962125798
15
050
15
15
0506402444
15
15
0958855141
15
0507512851
15
096
15
050
14
14
0979781261
14
0991695902
14
0504321302
14
380672624884
14
380506946517
14
14
0991695902
14
14
0677993418
14
0677993418
14
0661469228
14
14
0672832065
14
0661469228
14
14
093
14
0964737513
14
067
14
14
0974853246
14
044
14
0503076224
14
0962455503
14
0952547372
14
0503132098
14
099
14
099
14
0506901086
14
067
14
098
14
0506859738
14
050
14
067
14
0504485820
14
0964496200
14
0962507744
14
0503807708
14
0677915371
14
050
14
0674738705
14
091
14
0674659461
14
0672363648
14
067
14
0989427343
14
093
14
099
14
0503875961
14
0503303739
14
0501773650
14
067
14
0930963987
14
0673900011
14
067
14
0950000010
14
0975314875
14
0675784367
14
0992922571
14
0445671384
14
067
14
0669682728
14
0503245611
0505752090
14
067
14
0504442792
14
0679991350
14
0505195374
14
14
0672158263
14
067
14
0975664641
14
0503947275
14
0683604484
14
0505878091
14
067
13
0509798599
13
067
13
050
13
099
13
0504695706
13
0679056757
13
067
13
067
13
0672230182
13
0637701020
13
050
13
0977887493
13
0672383997
13
71100
13
0505020515
13
099
13
0933076013
13
097
13
0933076013
13
0977887493
13
0503352694
13
067
13
0674434095
13
533
13
050
13
093
13
0677569343
13
050
13
0950670351
13
050
13
0995475872
13
067
13
067
13
050
13
067
13
0938436963
13
0503522464
13
098
13
067
13
0964221717
13
13
0506859738
13
13
0503556559
13
0503133748
13
13
0501758805
13
067
13
0662357925
97501
13
0674500140
13
0964385384
13
0501499323
3
2
13
0674738705
13
0969601738
13
0672884425
13
0950980240
13
0501499323
3
2
13
067
13
098
13
0979542992
13
0674023116
13
098
13
0674646666
13
097
13
0673333617
13
0985692248
13
0672856628
13
066
13
095
13
0509501215
13
0661266868
13
097
13
068
13
380964350974
13
13
067
13
0937192974
13
13
097
13
45454545
13
13
0504696545
13
097
12
0673395540
12
0675496488
12
0674559508
12
067
12
0667368014
12
0505363943
12
0677783317
12
0662935816
12
0501539850
12
0984965208
11
12
0503384728
12
0504019925
12
0937192974
12
0661374149
12
0661374149
12
12
0999037955
12
0663816790
12
0978784191
12
0687378550
12
0957021414
12
0679991350
12
12
097
12
050
12
0976612310
12
067
12
067
12
0936241422
12
067
12
063
12
0994145620
12
0964109160
12
098
12
0962148591
12
12
098
12
0939136021
12
0962148591
12
0969326109
12
0674848416
12
0664490375
12
0962148591
12
0503381378
12
0935803872
2011
12
0962631989
12
098
12
050
12
0508850116
12
0673522224
12
12
0985458389
12
0635709359
12
0939136021
12
0976612310
12
0664804140
12
0999037955
12
067
12
0503102824
12
0977777483
12
0958039208
12
0962148591
12
0662354768
12
0677587267
12
068
12
0976400316
12
067
12
067
12
0638589614
12
0672152378
12
12
067
12
067
12
0973885439
12
067
12
0506605218
12
0668144654
12
0979040949
11
0667041370
11
0504181612
11
0677783317
11
0672356404
11
0972264900
11
0677634895
11
0672383997
11
0957021414
11
11
0503106924
11
0999037955
11
0504116300
11
11
0938188040
11
11
0674028565
11
0981256737
11
0936512044
11
0931138301
11
0677031470
15
11
0977113736
11
097
11
11
10
88
0951028525
10
063
10
0952068572
10
0966566034
10
067
10
0958039208
10
0503236118
10
0985235442
10
0979542628
10
0958328970
10
0505363128
10
0999201607
10
067
10
4
0971642361
10
067
09
0676879674
09
0685926027
09
050
09
050
09
0930415333
09
0672356404
09
067
09
0672852024
09
0677021033
09
067
09
09
0507524667
09
0977964269
09
0968092497
09
050
09
0951644859
09
4659082
0674659082
09
0973446167
80100
09
0973446167
80100
09
0664274014
09
067
09
068
09
0679964921
09
099
09
0979096919
09
097
09
09
097
09
067
09
0673581900
09
0673581900
09
558
09
09
050
09
050
09
0505493456
09
0972306744
09
0958965760
98600
09
09
097
09
096
09
067
09
09
0634739520
08
050
08
0677224404
08
0674080009
08
050
08
0504449894
08
066
08
08
0508865978
08
067
08
0505375118
08
0666195317
18001
08
0666195317
18001
08
0505508657
08
0632414389
08
0964090785
08
0972097209
08
0503869422
08
0676010636
81100
08
067
08
08
0631779392
08
0973927704
08
0979346789
08
067
08
097
08
0679750484
08
0630766899
08
063
08
050
08
098
08
0672380944
08
098
08
08
25
0501493478
08
0963046376
08
380975651674
08
0672380944
08
067
08
0667064717
08
08
066
08
097
08
0505658250
08
0509062090
08
050
08
0674475695
07
0630766899
07
0675313115
07
050
07
093
07
0967286556
07
067
07
096
07
0509631024
07
07
0504147915
07
097
07
0953376475
07
0504180339
07
0679347592
07
0672152378
07
07
07
097
07
050
07
050
07
098
07
07
067
07
093
07
096
07
0673805789
07
097
07
0676125828
07
095
07
0975236068
07
067
07
0962477855
07
0633113792
07
0984440804
07
0504116300
07
0671818489
07
0962893390
07
0504116300
07
07
0990172356
07
066
06
06
0666195317
18001
06
0667470456
06
067
06
0632175898
06
067
06
0976287970
06
0509060987
06
097
06
0962808038
06
067
06
0674084791
06
067
06
8
06
0674090001
06
0996376614
06
0684745643
9
06
0672251305
06
0637562755
06
0997190070
06
093
06
0666071341
06
06
06
06
0962223737
06
095
06
050
06
0677850166
06
0977969937
06
0950288169
06
06
0675071486
06
0677972757
06
06
0672424815
06
0973496951
06
050
06
0972809540
06
0506939588
06
0677972757
06
093
06
067
06
0632542950
06
095
06
0972809540
06
063
06
0634095214
05
0957021414
05
05
067
05
0951284378
6
05
066
05
0969393976
05
0677260079
05
0952767466
05
0952767466
05
200022020
0537342853
05
05
0672427626
05
0979472285
05
097
05
0665760621
05
067
05
067
05
4
0508897865
05
0676938442
05
097
05
0509294655
05
0505917787
05
05
063
05
05
097
05
0508723870
05
066
05
0672359100
05
0976992281
05
066
05
05
0501785384
05
096
05
050
05
097
05
0933656977
05
0675054208
05
0984034365
05
0503821323
04
0675009901
04
0506856754
04
0976778293
04
0675624116
04
0676010785
04
0672923584
04
0501418151
50
04
0672923584
04
0674068045
04
0685019534
04
0963245731
04
03
0973334765
03
0973334765
03
050
03
03
0977969937
03
067
03
063
03
050
03
0993595280
03
0971425254
03
0503100149
03
066
03
83914528403
03
0991449078
03
097
03
0958350134
03
0662639004
03
0509746937
03
099
03
0958494978
03
380950686882
02
0977969937
02
0667572281
02
02
0975092000
02
067
02
0952859600
02
0509564096
02
0509250552
02
0507349955
02
06779879514
02
0963713112
02
050
02
0953361627
02
0979377507
02
050
02
0506839825
02
02
0677647670
02
0674490677
02
0934218810
02
0673767170
02
0679216054
01
0683778870
01
0637023467
01
0662878888
01
0979652363
01
050
01
0973496951
01
067
01
097
01
0503530771
01
0975446406
01
0982779656
01
050
01
067
01
0979958317
01
0975390138
01
7777
0676731313
01
0672521981
01
099
01
0506007378
01
097
01
0955451190
01
0504436087
01
0632260350
30
068
30
30
0505649920
30
0503819303
30
0974396599
30
30
0505750078
30
067
30
050
30
0638589614
30
0503616285
30
067
30
0955076075
30
066
30
0930575663
30
0506991507
30
0936772377
30
0632657109
30
067
30
0962477855
30
0936817792
30
066
30
30
0956175410
30
0507658176
30
093
30
0674666365
30
0672441426
30
067
30
050
30
0501876464
30
0952955414
30
0672339944
30
0975129009
30
0971572121
30
0663765320
30
095
30
30
0504406237
30
80639547844
30
380679838352
30
067
29
0672667712
29
0503211684
29
0672501238
29
0970675601
29
888351103
778893
29
888351103
778893
29
380679542321
29
0979481814
29
093
29
0679220160
29
0959408811
29
0672501238
29
0504825231
29
0503113625
29
0977060797
29
0679187830
29
0505637161
83114
29
0505637161
29
0502921327
29
066
29
0671410062
29
050
29
0974467595
28
067
28
066
28
097
28
0502442745
28
0954935741
28
095
28
0677583590
28
0664297677
28
0930574076
28
067
28
095
28
0936896363
28
0663409213
83102
28
067
28
0637562244
28
0504460697
28
0675967566
28
0662863445
28
0993730908
28
067
28
095
28
0502921327
28
0679356050
28
0503229330
28
050
28
050
28
0506777759
28
0505158023
27
067
27
0681270480
27
095
27
1357
097
69036
27
0677564426
27
050
26
050
26
050291115
26
0503220440
26
0502090005
26
066342678
26
0964835514
26
0950256123
26
067
26
0950256123
25
0679468291
25
067
25
0689252167
25
0507065613
25
0975399300
25
0951655636
25
0954234771
25
0952045352
25
050
25
0955853622
25
067
25
0988811559
25
0968400177
25
0677457788
25
0975688998
25
0675478128
25
0969660500
25
0974088966
25
067
25
25
0672205230
25
0956024001
25
0955415741
25
25
0952704696
25
0982381388
25
0671937396
25
0501853206
25
0674823496
25
067
25
0955553783
24
0955335100
24
0934660060
24
24
0505000649
24
24
24
0504457067
24
050
24
0672878816
24
24
0672351024
24
050
24
89246962380
24
050
24
0934660060
24
067
24
0674490677
24
06793480005
24
24
044
24
0675492423
24
0503225622
24
24
0674432594
24
0979120144
24
24
0677591587
24
0662040654
24
0977460013
24
0503530031
24
0955863004
24
0676273093
5
23
0671359329
23
8050
23
0503347172
23
0955774128
23
0674016075
23
0968688931
23
067
23
23
067
23
067
23
0972932002
23
0503808721
23
23
0633933093
23
097
23
067
23
0936355770
23
09527094696
23
23
050
23
0973566151
23
050
23
192305
0672654468
23
0506300733
23
0666544445
23
06795733
23
0934409109
23
0982864873
23
098
23
23
050
23
0660715481
23
0665595550
23
066
22
0501677303
22
0979440375
22
0506602641
22
0675112936
22
050
22
067
22
0509888894
22
0505307860
22
0982595833
22
0505307860
22
22
0679312537
22
0509887821
22
0503553638
22
097489366
22
0503487544
22
0995058983
22
050
22
0674036748
22
099
22
22
0674036748
22
0669783065
22
0990758664
22
097
22
0679775248
22
097
22
097
22
099
22
067
22
21
0939260651
21
0939260651
21
0953293900
21
0677890950
21
21
21
0638445567
21
0952860051
21
0503348085
21
21
0631192451
21
0504013495
21
0990749010
21
044
21
067
21
0674475290
21
0503318921
21
0638441006
21
00673241500
21
0668049555
21
0674089003
21
0677770608
21
050
21
0677814106
20
20
067
20
0679034860
20
0504422001
20
19
0501554555
18
066
18
0957021414
18
0677012117
18
0631987477
18
469195989
0951253757
18
098
18
0962290024
18
0973390150
18
0630444795
18
093
18
097
17
050
17
0672639771
17
0505816241
17
066
17
0672090182
17
098
17
066
17
0675062786
17
097
17
0504459235
17
0974441199
17
0672201450
17
0979342905
17
0503109972
17
0632303398
17
067
17
0665746751
17
044
17
0674043454
17
093
17
0675379281
17
0502054949
17
0985744400
17
0964877774
17
0444897508
17
0672303429
17
0684460769
17
097
16
067
16
0669357814
16
0501461530
16
2301
0955420120
16
0505607716
16
0999071333
16
0979209959
16
0666544445
16
095
16
0679823251
16
099
16
16
16
0979536241
16
0660646010
16
16
0
16
050
16
0
16
0677224404
15
0673822454
33024
15
0637573049
15
0975171891
15
067
15
050
15
0505006779
15
0503126314
15
063
15
0674722340
15
80978142084
15
0989907085
15
0674490677
15
41542
15
099
15
0501003750
15
0675124004
15
0674043454
15
0972203909
15
050
15
0967375028
15
099
15
0666544445
14
0661530715
14
0668781193
14
066
14
0977053469
14
0664180636
14
0937516603
14
0976098586
14
050
14
0503273429
14
050
14
0986881782
14
067
14
0503879238
14
14
067
14
0677437836
14
0672721883
14
0963047041
14
0677437836
14
0666231345
13
0677437836
13
13
0672724025
13
0672724025
13
0985302135
13
0936015208
13
050
13
050
13
050
13
097
13
0975070519
13
0506100781
12
097
12
067
12
0673816214
12
0965262261
12
0635824985
12
0951939468
12
428328
12
093
12
0953638474
12
0503800385
11
0673808669
11
093
11
0975020072
11
0936058822
11
0501003750
11
0679432643
11
0667211567
11
0990514520
11
0972979499
11
050
11
0506984142
11
0672141290
11
063
11
0984802477
11
0952747456
11
11
093
10
0630496975
10
0953631376
10
0953631376
10
0675960868
90575
10
0972666822
10
099
10
0977177788
10
0676506535
10
090673220115
10
0977157394
10
067
10
0974609539
10
09774261596
10
067
10
0553342414
10
063
10
0975664641
09
0930324643
09
09
067
18
0979421222
09
380673281199
09
0509518020
09
096
09
0679648046
09
380504154542
09
0673913752
09
380672163592
09
0677429392
09
050
09
050
09
0675380251
09
0633896886
09
09843854
09
0994858504
09
0674464014
09
0674464014
09
0667215709
09
067
09
067
09
0672826390
09
067
08
0932993460
08
0982767272
08
08
0978189011
08
050
08
08
0965425606
08
08
0994558146
08
0957379876
08
0683509714
08
0663302521
08
0994858504
08
098
08
0632573290
08
0674444540
08
050
08
0503962246
200
08
0674579698
08
0978306769
08
0975970030
08
0503836679
08
050
08
0503836679
08
0679448603
08
0636315252
08
0503579557
08
067
08
0507313651
08
08
380953338408
07
07
0505382003
07
067
07
0676634177
07
0505310893
07
0930301828
07
050
07
0679003916
07
380672163592
07
050
07
80677082665
07
0509380391
07
07
0674629802
07
0503350149
07
0509047757
07
099
07
050
07
097
07
0509047757
07
067
07
0504652765
07
697793
066
07
067
07
0506739108
06
0503530031
06
0502222039
06
066
06
0504846650
06
0982821531
05
0675097086
05
0505000649
05
0503587420
05
0985302135
05
066
05
0958822351
05
050
04
066
04
04
0503579004
04
1974
0951600474
04
0953807383
04
097
04
0673250713
04
093
04
0675951764
03
067
03
0505865450
03
0939708822
03
0671673721
03
067
03
0679426391
03
0505975044
03
067
03
0672442964
03
03
050
03
0631421286
03
0679640040
03
067
03
0974008472
03
067
03
067
03
0994979488
03
0994979488
02
0675005567
02
02
0506060710
02
0669065442
02
067
02
0671100433
02
0506944622
02
0678839903
02
0503153355
02
067
02
0503326473
02
0503552659
02
0673201376
02
0977639316
02
0671100433
02
0506228914
02
0506550786
02
0506286261
02
0502760830
01
0671778856
01
0966863344
01
067
01
0661449930
01
0980783528
01
0679506655
01
067
01
0976914246
01
0976914246
01
01
0503780800
01
0972282578
01
80930971964
31
0969132823
31
097
31
066
31
0955571901
31
0503578207
31
31
0677894835
31
31
097
31
0667404177
31
0677992511
31
4897372
31
0975664641
30
0662288585
30
050
29
0673816210
29
095
29
068
29
29
0977047829
28
050
28
28
050
28
0503576699
28
0675046559
28
093
28
093
28
0509000167
28
0931815631
27
097
27
0676913119
27
0674659716
27
067
27
0505459808
27
067
27
0665599989
27
050
27
0935037975
27
27
0509154909
27
0953064556
27
067
27
0683516822
27
068
27
095
27
0675003996
27
0634606948
27
050
27
0983179384
27
0509132391
26
0674101910
26
0957021414
26
26
0501504492
26
097
26
0660960014
26
0660960014
26
067
26
0660960014
26
066
26
0679735623
26
0503810989
26
0984343854
26
0958264848
26
0992177059
26
777
0957656050
26
25
0980755020
25
25
0671848411
25
0500488010
25
0937580191
25
0955798168
25
0968400177
25
0508344410
25
0963644943
25
0661416620
25
0661416620
25
097
25
0503539792
25
0675957390
25
0637436333
25
099
25
0685382342
25
050
24
0504148286
24
0506228776
24
0677690698
24
0677690698
24
095
24
0990162483
24
067
24
0503836679
24
0954075242
24
0993301370
24
0660960014
24
0503122377
24
067
24
0979542310
23
380665132437
23
0503582867
23
0979090615
23
093
23
067
23
0983846598
22
066
22
050
22
0503105229
22
0662082407
22
0983986161
16
22
067
22
0671892220
21
098
21
097
21
0973913510
21
068
21
067
21
098
21
0673882244
21
0503416043
21
0509655676
1
21
0672207248
21
067
21
067
21
097
21
0938440695
20
0505911575
20
0679465945
20
0977563568
20
0681216863
20
050
20
067
20
050
20
0933060172
20
777
0957656050
20
0663838687
20
0939775398
20
0674490677
20
067447
20
0508880485
19
0681288710
19
050
19
0953450261
19
0993435749
19
0973262686
19
067
19
097
19
093
19
0667839284
19
0504450604
19
0674666130
19
0501876677
19
0936801408
19
0674063616
19
0674490677
19
0979421268
19
0674063616
19
0672690106
19
0932985195
19
0503174842
19
0957021414
18
0674220415
18
0509880370
18
0990979421222
18
0997068470
18
0677980502
18
0990009935
18
18
0950938975
16
18
0503120574
18
0663280551
18
0674776414
18
0664337840
18
0953236339
18
0674220415
18
0988111216
69001
18
050
18
067
18
063
17
0501853206
17
0676600828
17
0633606555
17
0969093555
17
0984585114
17
0979624541
17
0505270349
17
0964363494
17
050
17
066
17
0672442898
17
0503903993
17
87054174488
17
132027
093
17
0675041500
17
0676868457
17
0979412413
17
0967500811
17
0955863004
16
0963245303
16
050
16
067
16
0503312025
16
0979132000
16
0662605768
15
0663280551
15
0676501607
15
0931138322
15
15
0963166907
14
0506284777
14
0663880888
14
096
14
0636467292
14
067
14
0506654515
14
14
0672237748
13
0958855141
13
0310
0507035939
13
0975545013
13
0503130507
13
0664723672
13
0972705898
13
13
0633745038
13
050
13
0503319792
13
13
12
095
12
0662330550
12
0674010589
12
0663643353
12
0672647774
12
096
12
0683535936
12
0508156241
12
0672717175
12
12
066
12
0955863004
11
0974015634
11
0952263521
11
11
0978575658
11
11
0632510595
11
0677400871
11
0501504492
11
067
11
0950659006
11
0950659006
11
0980030657
11
060673229234
11
067
11
067
10
0634452201
10
0661449930
10
0502222039
10
097
10
050
10
050
10
0934965858
10
0672669875
10
067
10
0507255434
10
0950111434
10
0681275018
10
067
10
067
10
0979715489
09
067
09
0957488980
09
0669539202
09
067
09
067
09
0976600131
09
066
08
0637730551
08
050
07
0950126551
07
0973913510
07
067
07
0503861028
07
067
07
050
07
06
06
0977852190
06
0633939116
06
067
06
0676849152
06
067
06
050
06
067
06
0933237046
06
067
06
050
06
06
097
06
097
06
050
06
0683532313
06
067
06
067
06
0634051496
06
0675063814
05
093
05
0955434183
05
0677292411
05
0504424060
05
0950111434
05
05
0673070505
05
0504424060
05
095
04
093
04
0673822441
04
067
04
0994209143
04
067
04
066
2
04
0975157251
04
0509454635
04
0672325660
04
0971707997
04
050
04
0985882362
03
067
03
0509454635
03
0506085806
03
097
03
0661449930
03
0672539634
03
0672905189
03
0631148646
03
0678330330
03
0967505950
03
068
02
3077044
0503077044
02
0676230164
02
2594378
02
096
01
0501059541
01
0503105229
01
3322929
3322021
01
3322929
3322021
01
0675005740
01
0953548192
01
0973496951
01
0973496951
30
0975001620
30
0502021103
30
0954075242
30
0971001229
30
0675967566
30
0509846909
30
0677786680
30
096
30
0503139106
30
0967899797
30
0504497632
29
29
0985980553
29
29
4
067
29
0666076090
29
0503759021
29
0504424447
29
29
0672200450
29
050
29
0678726387
29
067
29
0678726387
29
050
29
0504421428
29
0503310334
29
0955551555
28
067
72002
28
0503563778
28
067
28
0934282331
28
0974322202
28
063
28
067
28
0995359559
28
067
27
0500214160
27
067
27
0979378622
27
0503821333
27
0972485800
27
0506970756
27
063
27
0675074430
27
063
27
0679057639
26
06765423
26
067
26
050
26
096
26
050
26
066
26
096
26
0950126551
26
067
26
0673433314
26
067
26
25
0661964010
25
0633421266
25
0939781302
25
0676090707
25
0635243235
25
0635243235
25
24
0501059541
24
24
0662228171
24
2410003
24
321
0674972350
16
24
0674622626
23
23
380503585621
23
098
23
050
23
097
23
0672442823
23
23
0501003750
23
097
23
0632470503
23
097
23
0503585473
22
0505454255
22
067
22
0504106881
22
095
22
067
22
067
22
0911140111
22
22
096
22
0503344129
22
0505954060
22
093
21
0976531027
295
21
0634927216
21
066
21
0632710195
21
096
21
0984014831
21
0997190070
21
0674663868
21
0675008021
21
0989253055
21
050
21
050
21
21
0676641311
21
0969798995
21
0997230623
21
21
0504106881
21
050
21
20
0506000218
20
093
20
093
20
050
20
098
20
050
20
592
20
050
20
0504432560
20
067
20
0678726387
20
0985973287
20
067
20
097
20
0995359559
20
050
20
095
19
0662416845
19
066
19
067
19
0501339474
19
0503273429
19
095
19
095
19
050
19
050
18
0662016651
17
0962897020
17
0958474211
17
0503273429
17
0675031212
16
050
16
16
16
0985148270
16
0952941686
16
067
16
16
093
16
050
16
068
16
0503532010
16
0679781566
15
097
15
097
15
097
15
15
067
15
050
15
518
15
067
15
06740011112
15
0506023842
14
0503304542
14
050
14
067
14
095
40
14
067
14
097
14
0674075911
14
097
14
067
14
14
0663629971
14
0506778988
14
067
13
0501459297
13
097
13
0675035586
13
13
067
13
050
13
13
13
096
13
067
13
050
13
067
13
097
13
570
13
050
13
067
13
4692042
12
095
12
0954138630
12
0504903524
12
050
12
0503208272
12
0503208272
12
066
12
0664172393
11
0675947007
11
11
067
11
0508757985
11
0508757985
11
0979856209
11
0999176504
10
0675008604
10
097
10
095
10
09
0674059739
09
0501003750
09
050
09
067
09
0975060209
09
067
09
0675635368
09
0995065234
09
0672207246
08
0674586325
08
0677575937
08
0675058483
08
096
08
987
067
08
0973334765
08
0502698746
08
587
07
560
07
097
07
0974330068
07
0500880333
07
063
07
098
07
097
07
0972919093
07
0979671533
07
0
0988488844
07
0637708223
07
050
06
0682545339
06
0989911325
06
067240
06
096
06
45680
06
067
06
0
0986480625
06
06
0668947484
06
0
0503129452
0
06
0675225758
06
0
0672241763
06
0677917404
05
05
05
0503310528
05
098
05
0936240877
05
0
0677415330
05
0504460697
05
0956579492
03127
05
0
0503108357
04
067
04
0672429588
04
067
04
0981289663
04
0973334765
04
097
04
0973904751
03
0674669103
03
0671131159
03
0962374242
03
0675029547
03
067
03
0980322223
02
050
02
0
0662603143
02
063
02
0504114033
02
0506540613
01
0503312936
01
0509617324
01
0674476578
01
0
0932302223
01
0934237982
50
01
01
0672439908
01
0675635368
01
0675635368
01
0
0679092224
01
0
0993883144
31
0504408632
31
0
0674040318
31
0956579492
03127
31
0956579492
03127
31
067
31
050
31
0682017276
31
0952700319
31
050
30
0503348686
30
30
0958817394
30
0980769812
30
0501331275
30
095
30
0
0977428984
30
0966655564
30
0
0504456064
0
30
30
0504116300
30
0
0969884653
30
0683588459
29
050
29
0938364691
29
0
0672207446
29
0
0674658507
29
067
29
067
29
067
29
096
29
050
29
0504132324
29
050
29
0672096915
8
29
067
29
0681998361
29
0
0677763665
29
0509617324
29
0995359559
29
0995359559
28
0953132211
28
0672884425
28
0673842849
27
0992839666
27
0934434738
27
0503163368
27
066
26
050
26
050
26
0992610923
26
0997256675
26
0980004545
26
097794
26
0
0503472700
26
0
0930200024
26
0973605099
26
0979045487
26
067
26
0
0956028952
0
26
0953237889
86140
26
0
0
0
25
0503606278
25
25
0681989930
25
0979131629
25
067
25
0
0
25
0963731019
25
0504484560
25
0673502099
24
0677330920
24
24
0981344324
24
050
24
0671295672
24
050
23
0665045140
23
095
23
098
23
0
0
0
23
0501753504
23
0501753504
23
0
0679373743
23
0
0997103143
0
23
0674036021
23
050
23
0677156283
22
0677503815
22
0677503815
22
0501858817
340015
22
066
22
067
22
0664151182
22
0672725361
22
0672725361
22
0672445813
22
22
0509114791
22
0673876464
22
0664503534
22
0675651035
22
0946294766
22
093
21
050
21
0506083303
21
21
050
20
21021
0677490937
20
0973334765
20
050
19
0997393347
19
19
19
067
19
0
0937569654
19
0675651035
19
0675651035
18
0972866240
18
380971945926
18
1
18
0675982433
18
0997621657
18
0675651035
18
25
067431
18
0
0952819007
0
18
0675982433
18
0676930951
18
0504536555
18
0503809133
18
067
18
0674527763
18
0674076299
18
0674076299
18
0672904917
18
0954077587
17
067
17
068
17
0958116925
17
0673928814
17
0501339892
17
0683532313
17
0
0504494298
17
17
0
0505487776
17
0669770272
17
3
050
17
0997621657
17
0509524479
17
098
17
067
16
0505188188
16
098
16
0501903031
16
0
0673423321
16
0501903031
16
16
0
0673423321
16
0969595574
15
0689444227
15
097
15
097
15
097
15
0504424298
15
050
15
0972800787
15
15
0505199751
15
0671330849
15
0672409387
14
0937851612
14
380504151233
14
0
14
0677552754
13
0502222039
13
093
13
067
13
0975199497
12
0672852042
12
0503305055
12
0503305055
12
0673913821
12
0504497632
12
0677745948
12
0677745948
11
0975199497
11
0995359559
11
0995359559
11
076
11
0638239614
11
050
11
050
11
0506166020
11
0504479444
11
0504479444
11
0935746857
11
050
10
050
10
0504191558
10
0962587189
10
050
10
0505167116
10
0675253707
10
0675253707
10
0675253707
10
0676913337
10
0993758655
10
0683523086
10
0504488088
10
0976423886
09
099
09
0676580811
09
0672400801
09
0936118024
09
09
09
0679691879
09
0677956040
09
0677515463
09
2258
0679512159
08
0661994848
08
0676879674
08
0939713243
08
08
0509394155
08
05093994155
08
067
08
0983025303
08
0633568302
07
0674765111
07
07
0504549904
07
0672409387
06
0502174862
06
0673782260
06
0685983408
05
0661738888
05
0983025303
05
050
05
0679840033
05
05
0663507130
05
0953236164
05
05
0952783907
05
0963491061
39800
04
0505687710
04
0503308182
04
0952807270
04
0674669426
04
067
04
0675055810
04
0677416991
04
0507508894
04
0964747999
04
4599979
03
190287
097
03
0969844634
03
0663507130
03
0672207397
03
0635645321
03
0504184208
03
0675644519
03
4030556
03
0934901850
03
0676701679
03
067
03
0509250820
03
0507879210
03
0679973330
02
0956840010
02
0503723080
02
050
02
097
02
050
02
0660708708
02
0952554312
02
02
0505243528
02
0679455650
02
067
02
80992148369
250031
02
097
02
0677535954
02
0507711086
02
0681998361
02
0991526181
01
0503528704
01
0672427626
01
0974499540
01
0677758062
01
0673955277
01
0503854656
01
066
01
01
067
01
7777
0967255405
01
4599979
31
067
30
0933290029
29
0664591049
29
0936975626
29
3
050
29
067
29
050
29
0679455650
29
050
29
0950601781
29
0672151410
29
0982442905
29
0972161503
29
0661449930
28
0667106647
28
095
28
050
28
38068
28
0995503244
28
28
0952706738
28
0503565020
27
0661449930
27
0629578721
27
0956792256
27
0956792256
27
0505391833
27
0679963999
27
0679404072
27
27
734
26
0674014015
16
0503520694
15
050
15
0677819785
15
098
15
050
15
380632980268
15
380635656657
14
0503105229
14
14
0503100730
14
0503555836
14
0681260733
14
0679324029
14
0506497953
14
050
13
067
13
0677116767
13
066
13
0505927428
13
13
13
0971945534
13
0503212799
13
067
13
0505927428
13
0950857898
13
050
13
050
13
067
13
0667366240
13
0505124078
12
0964556635
12
0676922021
12
12
5857153
12
0974424652
12
0952713102
12
0975221249
12
0963780000
12
0503326473
12
0676888157
12
0678240940
12
0503858851
12
3
050
12
0503278294
12
063
11
098
11
0994874373
11
0679635530
11
050
11
050
11
063
11
0632741388
11
0504698582
11
10
0666230310
10
0679529175
10
0504206105
10
0677396892
10
0954075034
09
0671767355
08
0674026750
08
0504443502
08
050
08
067
08
0935715511
08
050
08
0634980808
08
0677396892
07
0672825650
07
0679055358
07
0969119139
07
068
07
0633945350
07
0634455442
07
067
07
0934288848
07
0504486570
06
0979263506
06
8
06
0675069434
06
0958928423
06
0979632012
06
0671525548
50086
06
06
0939906731
06
0667172200
06
0678778887
06
0673905514
06
0990805270
98609
05
0675009901
05
0503855412
05
0979263506
05
0992970112
05
050
05
067
05
096
05
050
05
0679529175
04
0674168925
04
0674668238
04
0964884086
04
57468745852376
38097654876457457
46268
04
0973709812
04
0997629959
04
558
03
0973709812
03
0677634895
03
0688284176
02
067
01
0990805270
83092
01
097
01
0675475757
01
0982299726
01
0508000167
01
0997111669
01
063
01
097
30
0972160619
30
0509909060
30
0933253151
30
063
30
0504430502
30
097
30
0503712162
30
067
30
067
30
00675388289
30
0677251526
30
0662813673
29
0674674166
29
0504627688
29
068
29
098
29
360
29
0662707330
29
0954990339
95050
29
0676561324
29
2854691
29
0966861296
29
0671409329
29
0672937301
29
0676505550
28
28
050
28
0673925410
28
067
27
25
067
25
0631607333
25
0677603323
24
093
24
0979119475
24
24
0978010153
24
0938090669
24
0677620810
24
050
24
24
0677620810
24
063
24
0679529175
23
063
23
050
23
23
0977649367
23
0674093946
23
0504433626
23
0930643632
23
0973566151
23
0979481814
23
050
23
067
23
050
23
0676209750
2
22
0933437972
22
0505062213
22
095
22
0956792256
22
0674662587
22
050
21
0971937970
21
067
21
050
21
0675018675
21
097
21
097
21
063
21
21
0506024542
21
0632553230
21
066
20
20
0964816686
20
0679574908
19
050
19
0508064311
18
18
091
18
18
050
17
0955139478
17
0676599001
17
5
0977083920
17
0961268989
17
0674410343
17
0972526524
17
0504727240
17
096
17
0675079135
17
0982791459
17
0676762848
17
16
0971487114
16
0509300318
16
0977912722
16
050
16
0955051140
16
0672717175
16
096
16
067
16
0990762403
16
0990762403
16
0506345118
16
063
16
0984009747
16
0504106774
15
0503831823
15
0674656995
15
0502948077
15
067
15
0935704243
15
0673338189
15
0674090950
15
0503525274
15
15
0954990339
95050
15
14
0506345118
14
0675815997
97012
14
0506733985
14
0953237889
86140
14
0953237889
86140
14
90979542086
14
0504146524
13
0502674177
12
0961461100
12
067
10
0953237889
86140
